1235
7.860195E+00 2.509991E+09 1.000000E+00 4.735057E+24
7.870077E+00 6.309946E+09 5.167389E+08 4.741010E+24
7.889840E+00 1.589975E+10 1.818434E+09 4.752916E+24
8.120205E+00 3.980017E+10 4.991655E+09 4.891690E+24
8.480266E+00 9.999999E+10 1.268149E+10 5.108594E+24
9.099718E+00 2.509991E+11 3.079960E+10 5.481758E+24
1.020028E+01 6.309946E+11 7.202634E+10 6.144748E+24
1.179987E+01 1.589975E+12 1.628755E+11 7.108353E+24
1.419986E+01 3.980017E+12 3.532850E+11 8.554132E+24
1.779985E+01 9.999999E+12 7.411924E+11 1.072280E+25
2.350030E+01 2.509991E+13 1.491160E+12 1.415681E+25
3.199971E+01 6.309946E+13 2.892343E+12 1.927693E+25
4.490014E+01 1.589975E+14 5.439842E+12 2.704828E+25
6.450214E+01 3.980017E+14 9.895321E+12 3.885671E+25
9.490042E+01 9.999999E+14 1.759172E+13 5.716892E+25
1.429991E+02 2.509991E+15 3.051698E+13 8.614404E+25
2.180004E+02 6.309946E+15 5.194863E+13 1.313256E+26
3.390006E+02 1.589975E+16 8.699640E+13 2.042172E+26
5.340017E+02 3.980017E+16 1.427082E+14 3.216877E+26
8.530291E+02 9.999999E+16 2.310429E+14 5.138729E+26
1.380027E+03 2.509991E+17 3.686748E+14 8.313415E+26
2.300004E+03 6.309946E+17 5.789597E+14 1.385544E+27
3.790026E+03 1.589975E+18 8.995845E+14 2.283147E+27
6.279757E+03 3.980017E+18 1.382822E+15 3.782983E+27
1.049982E+04 9.999999E+18 2.113495E+15 6.325183E+27
1.759975E+04 2.509991E+19 3.207958E+15 1.060224E+28
2.969977E+04 6.309946E+19 4.844571E+15 1.789137E+28
5.039987E+04 1.589975E+20 7.284066E+15 3.036123E+28
8.600080E+04 3.980017E+20 1.085458E+16 5.180735E+28
1.470012E+05 9.999999E+20 1.612002E+16 8.855399E+28
2.519993E+05 2.509991E+21 2.383326E+16 1.518045E+29
4.329994E+05 6.309946E+21 3.514093E+16 2.608370E+29
7.751498E+05 1.441940E+22 4.884926E+16 4.669420E+29
7.897869E+05 1.485790E+22 4.940966E+16 4.757590E+29
8.047328E+05 1.530972E+22 4.997638E+16 4.847621E+29
8.199875E+05 1.577542E+22 5.054965E+16 4.939512E+29
8.354893E+05 1.625499E+22 5.112903E+16 5.032891E+29
8.512998E+05 1.674955E+22 5.171542E+16 5.128129E+29
8.674192E+05 1.725855E+22 5.230771E+16 5.225228E+29
8.838474E+05 1.778363E+22 5.290738E+16 5.324187E+29
9.006461E+05 1.832426E+22 5.351330E+16 5.425379E+29
9.177536E+05 1.888155E+22 5.412624E+16 5.528430E+29
9.351699E+05 1.945548E+22 5.474573E+16 5.633341E+29
9.529568E+05 2.004718E+22 5.537248E+16 5.740484E+29
9.710525E+05 2.065664E+22 5.600601E+16 5.849488E+29
9.895187E+05 2.128497E+22 5.664697E+16 5.960723E+29
1.008417E+06 2.193217E+22 5.729484E+16 6.074563E+29
1.027625E+06 2.259935E+22 5.795022E+16 6.190262E+29
1.047203E+06 2.328652E+22 5.861260E+16 6.308194E+29
1.067151E+06 2.399478E+22 5.928255E+16 6.428358E+29
1.087532E+06 2.472413E+22 5.995954E+16 6.551125E+29
1.108345E+06 2.547624E+22 6.064456E+16 6.676497E+29
1.129529E+06 2.625055E+22 6.133656E+16 6.804101E+29
1.151145E+06 2.704873E+22 6.203651E+16 6.934309E+29
1.173131E+06 2.787133E+22 6.274434E+16 7.066749E+29
1.195612E+06 2.871891E+22 6.345998E+16 7.202165E+29
1.218525E+06 2.959258E+22 6.418377E+16 7.340185E+29
1.241932E+06 3.049234E+22 6.491514E+16 7.481181E+29
1.265771E+06 3.141929E+22 6.565442E+16 7.624781E+29
1.290043E+06 3.237511E+22 6.640237E+16 7.770985E+29
1.314870E+06 3.335923E+22 6.715796E+16 7.920538E+29
1.340130E+06 3.437389E+22 6.792229E+16 8.072694E+29
1.365884E+06 3.541907E+22 6.869477E+16 8.227826E+29
1.392194E+06 3.649589E+22 6.947562E+16 8.386307E+29
1.419060E+06 3.760601E+22 7.026538E+16 8.548135E+29
1.446419E+06 3.874944E+22 7.106345E+16 8.712939E+29
1.474335E+06 3.992728E+22 7.186998E+16 8.881092E+29
1.502806E+06 4.114176E+22 7.268584E+16 9.052592E+29
1.531833E+06 4.239287E+22 7.351038E+16 9.227441E+29
1.561416E+06 4.368172E+22 7.434371E+16 9.405637E+29
1.591679E+06 4.501054E+22 7.518657E+16 9.587926E+29
1.622497E+06 4.637877E+22 7.603793E+16 9.773562E+29
1.653933E+06 4.778918E+22 7.689887E+16 9.962918E+29
1.685986E+06 4.924233E+22 7.776903E+16 1.015599E+30
1.718719E+06 5.073989E+22 7.864872E+16 1.035316E+30
1.752069E+06 5.228296E+22 7.953789E+16 1.055405E+30
1.786099E+06 5.387266E+22 8.043648E+16 1.075903E+30
1.820870E+06 5.551176E+22 8.134532E+16 1.096848E+30
1.856259E+06 5.719915E+22 8.226309E+16 1.118164E+30
1.892388E+06 5.893649E+22 8.319000E+16 1.139927E+30
1.929259E+06 6.072934E+22 8.412825E+16 1.162136E+30
1.966932E+06 6.257770E+22 8.507704E+16 1.184829E+30
2.005285E+06 6.448156E+22 8.603562E+16 1.207931E+30
2.044441E+06 6.644093E+22 8.700326E+16 1.231516E+30
2.084400E+06 6.846136E+22 8.798194E+16 1.255586E+30
2.125162E+06 7.054284E+22 8.897085E+16 1.280138E+30
2.166788E+06 7.268538E+22 8.996924E+16 1.305212E+30
2.209217E+06 7.490008E+22 9.098143E+16 1.330769E+30
2.252511E+06 7.717583E+22 9.200153E+16 1.356847E+30
2.296669E+06 7.952375E+22 9.303375E+16 1.383446E+30
2.341754E+06 8.193827E+22 9.407483E+16 1.410602E+30
2.387765E+06 8.443050E+22 9.512872E+16 1.438317E+30
2.434703E+06 8.700043E+22 9.619452E+16 1.466590E+30
2.482567E+06 8.964253E+22 9.726912E+16 1.495420E+30
2.531481E+06 9.237343E+22 9.835841E+16 1.524883E+30
2.581321E+06 9.518205E+22 9.945705E+16 1.554904E+30
2.632211E+06 9.807392E+22 1.005664E+17 1.585558E+30
2.684151E+06 1.010546E+23 1.016877E+17 1.616843E+30
2.737141E+06 1.041296E+23 1.028221E+17 1.648762E+30
2.791243E+06 1.072935E+23 1.039667E+17 1.681349E+30
2.846457E+06 1.105573E+23 1.051245E+17 1.714606E+30
2.902782E+06 1.139209E+23 1.062946E+17 1.748533E+30
2.960280E+06 1.173845E+23 1.074761E+17 1.783167E+30
3.018952E+06 1.209536E+23 1.086699E+17 1.818507E+30
3.078798E+06 1.246336E+23 1.098769E+17 1.854554E+30
3.139878E+06 1.284247E+23 1.110961E+17 1.891345E+30
3.202256E+06 1.323268E+23 1.123266E+17 1.928917E+30
3.265931E+06 1.363510E+23 1.135709E+17 1.967271E+30
3.330902E+06 1.404973E+23 1.148279E+17 2.006405E+30
3.397232E+06 1.447713E+23 1.160984E+17 2.046358E+30
3.464921E+06 1.491729E+23 1.173812E+17 2.087129E+30
3.533969E+06 1.537078E+23 1.186770E+17 2.128719E+30
3.604499E+06 1.583814E+23 1.199864E+17 2.171201E+30
3.676511E+06 1.631994E+23 1.213098E+17 2.214576E+30
3.749944E+06 1.681616E+23 1.226462E+17 2.258807E+30
3.824920E+06 1.732737E+23 1.239959E+17 2.303967E+30
3.901503E+06 1.785413E+23 1.253594E+17 2.350095E+30
3.979629E+06 1.839753E+23 1.267383E+17 2.397152E+30
4.059423E+06 1.895704E+23 1.281303E+17 2.445214E+30
4.140884E+06 1.953319E+23 1.295354E+17 2.494280E+30
4.224013E+06 2.012711E+23 1.309554E+17 2.544351E+30
4.308872E+06 2.073934E+23 1.323904E+17 2.595462E+30
4.395459E+06 2.136989E+23 1.338391E+17 2.647616E+30
4.483900E+06 2.201987E+23 1.353031E+17 2.700885E+30
4.574193E+06 2.268927E+23 1.367811E+17 2.755270E+30
4.666400E+06 2.337922E+23 1.382743E+17 2.810809E+30
4.760523E+06 2.409025E+23 1.397828E+17 2.867500E+30
4.856621E+06 2.482293E+23 1.413065E+17 2.925382E+30
4.954696E+06 2.557726E+23 1.428441E+17 2.984454E+30
5.054871E+06 2.635490E+23 1.443978E+17 3.044790E+30
5.157084E+06 2.715641E+23 1.459675E+17 3.106354E+30
5.261520E+06 2.798235E+23 1.475530E+17 3.169257E+30
5.368117E+06 2.883326E+23 1.491539E+17 3.233462E+30
5.476939E+06 2.971025E+23 1.507712E+17 3.299006E+30
5.588107E+06 3.061334E+23 1.524035E+17 3.365964E+30
5.701560E+06 3.154418E+23 1.540524E+17 3.434297E+30
5.817421E+06 3.250388E+23 1.557186E+17 3.504081E+30
5.935754E+06 3.349189E+23 1.573999E+17 3.575353E+30
6.056556E+06 3.451043E+23 1.590984E+17 3.648113E+30
6.179706E+06 3.556005E+23 1.608140E+17 3.722286E+30
6.305696E+06 3.664131E+23 1.625459E+17 3.798171E+30
6.434774E+06 3.775532E+23 1.642946E+17 3.875915E+30
6.565706E+06 3.890375E+23 1.660613E+17 3.954774E+30
6.700342E+06 4.008658E+23 1.678445E+17 4.035866E+30
6.836832E+06 4.130550E+23 1.696453E+17 4.118073E+30
6.977027E+06 4.256161E+23 1.714638E+17 4.202512E+30
7.119693E+06 4.385601E+23 1.733002E+17 4.288439E+30
7.265446E+06 4.518927E+23 1.751538E+17 4.376225E+30
7.414906E+06 4.656360E+23 1.770260E+17 4.466243E+30
7.566835E+06 4.797957E+23 1.789162E+17 4.557749E+30
7.722470E+06 4.943827E+23 1.808243E+17 4.651486E+30
7.881194E+06 5.094193E+23 1.827515E+17 4.747083E+30
8.043005E+06 5.249056E+23 1.846964E+17 4.844540E+30
8.455562E+06 5.408692E+23 1.866320E+17 5.093017E+30
8.629725E+06 5.573379E+23 1.885598E+17 5.197912E+30
8.807594E+06 5.742672E+23 1.905014E+17 5.305040E+30
8.989786E+06 5.917517E+23 1.924662E+17 5.414770E+30
9.175066E+06 6.097357E+23 1.944462E+17 5.526361E+30
9.364669E+06 6.282748E+23 1.964460E+17 5.640555E+30
9.557978E+06 6.473689E+23 1.984640E+17 5.756980E+30
9.755610E+06 6.670736E+23 2.005044E+17 5.876009E+30
9.958182E+06 6.873334E+23 2.025597E+17 5.998014E+30
1.016446E+07 7.082592E+23 2.046394E+17 6.122250E+30
1.037506E+07 7.297956E+23 2.067364E+17 6.249089E+30
1.058999E+07 7.519426E+23 2.088490E+17 6.378532E+30
1.080985E+07 7.748112E+23 2.109862E+17 6.510950E+30
1.103466E+07 7.984013E+23 2.131459E+17 6.646344E+30
1.126441E+07 8.226575E+23 2.153213E+17 6.784713E+30
1.149848E+07 8.476908E+23 2.175207E+17 6.925685E+30
1.173811E+07 8.734457E+23 2.197373E+17 7.070005E+30
1.198268E+07 9.000332E+23 2.219789E+17 7.217299E+30
1.223219E+07 9.273978E+23 2.242389E+17 7.367570E+30
1.248787E+07 9.555949E+23 2.265201E+17 7.521559E+30
1.274850E+07 9.846247E+23 2.288206E+17 7.678524E+30
1.301468E+07 1.014598E+24 2.311473E+17 7.838835E+30
1.328705E+07 1.045459E+24 2.334938E+17 8.002866E+30
1.356497E+07 1.077209E+24 2.358585E+17 8.170244E+30
1.384906E+07 1.110013E+24 2.382516E+17 8.341341E+30
1.413933E+07 1.143761E+24 2.406630E+17 8.516157E+30
1.443578E+07 1.178508E+24 2.430948E+17 8.694692E+30
1.473902E+07 1.214365E+24 2.455527E+17 8.877318E+30
1.504844E+07 1.251276E+24 2.480309E+17 9.063663E+30
1.536465E+07 1.289354E+24 2.505347E+17 9.254099E+30
1.568766E+07 1.328541E+24 2.530585E+17 9.448626E+30
1.601746E+07 1.368950E+24 2.556074E+17 9.647243E+30
1.635528E+07 1.410579E+24 2.581791E+17 9.850696E+30
1.669929E+07 1.453486E+24 2.607750E+17 1.005787E+31
1.705194E+07 1.497669E+24 2.633930E+17 1.027024E+31
1.741138E+07 1.543184E+24 2.660341E+17 1.048671E+31
1.777885E+07 1.590142E+24 2.687028E+17 1.070802E+31
1.815497E+07 1.638488E+24 2.713934E+17 1.093452E+31
1.853850E+07 1.688332E+24 2.741100E+17 1.116550E+31
1.893068E+07 1.739620E+24 2.768474E+17 1.140167E+31
1.933150E+07 1.792573E+24 2.796151E+17 1.164306E+31
1.974097E+07 1.847080E+24 2.824049E+17 1.188965E+31
2.015970E+07 1.903252E+24 2.852203E+17 1.214182E+31
2.058708E+07 1.961090E+24 2.880590E+17 1.239919E+31
2.102372E+07 2.020704E+24 2.909241E+17 1.266215E+31
2.147025E+07 2.082149E+24 2.938158E+17 1.293105E+31
2.192665E+07 2.145482E+24 2.967343E+17 1.320590E+31
2.239294E+07 2.210757E+24 2.996797E+17 1.348671E+31
2.286973E+07 2.277975E+24 3.026496E+17 1.377383E+31
2.335640E+07 2.347247E+24 3.056465E+17 1.406691E+31
2.385356E+07 2.418572E+24 3.086678E+17 1.436630E+31
2.436247E+07 2.492118E+24 3.117182E+17 1.467277E+31
2.488187E+07 2.567939E+24 3.147974E+17 1.498555E+31
2.541300E+07 2.646037E+24 3.179027E+17 1.530540E+31
2.595588E+07 2.726465E+24 3.210338E+17 1.563231E+31
2.651048E+07 2.809391E+24 3.241947E+17 1.596629E+31
2.707744E+07 2.894815E+24 3.273826E+17 1.630771E+31
2.765675E+07 2.982848E+24 3.305990E+17 1.665656E+31
2.824902E+07 3.073545E+24 3.338433E+17 1.701322E+31
2.885365E+07 3.167018E+24 3.371169E+17 1.737732E+31
2.947187E+07 3.263321E+24 3.404188E+17 1.774960E+31
3.010429E+07 3.362511E+24 3.437484E+17 1.813044E+31
3.075030E+07 3.464809E+24 3.471101E+17 1.851945E+31
3.141052E+07 3.570159E+24 3.504994E+17 1.891701E+31
3.208494E+07 3.678730E+24 3.539188E+17 1.932313E+31
3.277480E+07 3.790575E+24 3.573673E+17 1.973854E+31
3.347948E+07 3.905861E+24 3.608471E+17 2.016288E+31
3.420022E+07 4.024644E+24 3.643569E+17 2.059689E+31
3.493640E+07 4.146980E+24 3.678955E+17 2.104019E+31
3.568925E+07 4.273090E+24 3.714663E+17 2.149353E+31
3.645816E+07 4.403030E+24 3.750680E+17 2.195654E+31
3.724437E+07 4.536911E+24 3.787006E+17 2.242995E+31
3.804848E+07 4.674899E+24 3.823656E+17 2.291416E+31
3.886989E+07 4.817051E+24 3.860614E+17 2.340877E+31
3.970921E+07 4.963532E+24 3.897892E+17 2.391416E+31
4.056767E+07 5.114453E+24 3.935488E+17 2.443109E+31
4.144467E+07 5.269982E+24 3.973412E+17 2.495916E+31
4.234142E+07 5.430228E+24 4.011659E+17 2.549914E+31
4.325794E+07 5.595581E+24 4.050289E+17 2.605101E+31
4.419484E+07 5.765430E+24 4.089128E+17 2.661515E+31
4.515212E+07 5.940830E+24 4.128386E+17 2.719156E+31
4.613101E+07 6.121225E+24 4.167905E+17 2.778098E+31
4.713214E+07 6.307726E+24 4.207895E+17 2.838379E+31
4.815489E+07 6.499222E+24 4.248084E+17 2.899962E+31
4.920049E+07 6.696824E+24 4.288673E+17 2.962919E+31
5.026893E+07 6.900532E+24 4.329627E+17 3.027253E+31
5.136147E+07 7.110345E+24 4.370911E+17 3.093036E+31
5.247809E+07 7.326820E+24 4.412600E+17 3.160270E+31
5.362003E+07 7.549400E+24 4.454552E+17 3.229028E+31
5.478730E+07 7.779195E+24 4.496942E+17 3.299310E+31
5.597988E+07 8.015652E+24 4.539630E+17 3.371116E+31
5.719964E+07 8.259324E+24 4.582684E+17 3.444558E+31
5.844658E+07 8.510767E+24 4.626163E+17 3.519636E+31
5.972068E+07 8.769426E+24 4.669936E+17 3.596350E+31
6.102382E+07 9.035856E+24 4.714061E+17 3.674811E+31
6.235290E+07 9.310612E+24 4.758594E+17 3.754834E+31
6.371779E+07 9.593693E+24 4.803497E+17 3.837013E+31
6.510739E+07 9.885656E+24 4.848817E+17 3.920679E+31
6.653405E+07 1.018650E+25 4.894518E+17 4.006575E+31
6.798541E+07 1.049622E+25 4.940560E+17 4.093959E+31
6.947382E+07 1.081538E+25 4.986991E+17 4.183573E+31
7.099312E+07 1.114398E+25 5.033770E+17 4.275046E+31
7.254947E+07 1.148312E+25 5.081017E+17 4.368749E+31
7.413670E+07 1.183226E+25 5.128612E+17 4.464311E+31
7.576099E+07 1.219194E+25 5.176595E+17 4.562104E+31
7.742234E+07 1.256272E+25 5.224998E+17 4.662127E+31
7.912074E+07 1.294460E+25 5.273780E+17 4.764381E+31
8.085619E+07 1.333814E+25 5.322972E+17 4.868864E+31
8.262870E+07 1.374389E+25 5.372602E+17 4.975579E+31
8.444445E+07 1.416185E+25 5.422628E+17 5.084895E+31
8.630342E+07 1.459258E+25 5.473072E+17 5.196814E+31
8.819946E+07 1.503608E+25 5.523893E+17 5.310963E+31
9.013872E+07 1.549345E+25 5.575178E+17 5.427714E+31
9.211504E+07 1.596470E+25 5.626883E+17 5.546695E+31
9.414694E+07 1.644982E+25 5.678965E+17 5.669022E+31
9.621590E+07 1.695049E+25 5.731557E+17 5.793579E+31
9.833427E+07 1.746558E+25 5.784501E+17 5.921110E+31
1.005020E+08 1.799678E+25 5.837923E+17 6.051614E+31
1.027131E+08 1.854407E+25 5.891777E+17 6.184721E+31
1.049796E+08 1.910801E+25 5.946073E+17 6.321172E+31
1.072956E+08 1.968916E+25 6.000818E+17 6.460598E+31
1.096611E+08 2.028752E+25 6.055967E+17 6.602997E+31
1.120820E+08 2.090475E+25 6.111628E+17 6.748741E+31
1.145524E+08 2.154029E+25 6.167704E+17 6.897459E+31
1.170846E+08 2.219527E+25 6.224245E+17 7.049893E+31
1.196724E+08 2.287022E+25 6.281252E+17 7.205673E+31
1.223157E+08 2.356572E+25 6.338723E+17 7.364798E+31
1.250208E+08 2.428230E+25 6.396656E+17 7.527640E+31
1.277814E+08 2.502053E+25 6.455049E+17 7.693826E+31
1.306100E+08 2.578152E+25 6.513940E+17 7.864101E+31
1.335004E+08 2.656527E+25 6.573279E+17 8.038093E+31
1.364525E+08 2.737344E+25 6.633142E+17 8.215802E+31
1.394726E+08 2.820548E+25 6.693440E+17 8.397598E+31
1.425606E+08 2.906305E+25 6.754241E+17 8.583483E+31
1.457227E+08 2.994727E+25 6.815573E+17 8.773828E+31
1.489528E+08 3.085757E+25 6.877344E+17 8.968261E+31
1.522508E+08 3.179618E+25 6.939655E+17 9.166782E+31
1.556290E+08 3.276310E+25 7.002454E+17 9.370135E+31
1.590814E+08 3.375943E+25 7.065759E+17 9.577947E+31
1.626141E+08 3.478574E+25 7.129552E+17 9.790591E+31
1.662209E+08 3.584369E+25 7.193884E+17 1.000769E+32
1.699079E+08 3.693328E+25 7.258701E+17 1.022963E+32
1.736876E+08 3.805672E+25 7.324081E+17 1.045714E+32
1.775415E+08 3.921403E+25 7.389967E+17 1.068911E+32
1.814879E+08 4.040630E+25 7.456369E+17 1.092665E+32
1.855209E+08 4.163521E+25 7.523324E+17 1.116939E+32
1.896464E+08 4.290130E+25 7.590804E+17 1.141771E+32
1.938646E+08 4.420570E+25 7.658813E+17 1.167161E+32
1.981755E+08 4.555006E+25 7.727380E+17 1.193107E+32
2.025852E+08 4.693494E+25 7.796477E+17 1.219649E+32
2.070998E+08 4.836201E+25 7.866128E+17 1.246822E+32
2.117071E+08 4.983292E+25 7.936355E+17 1.274552E+32
2.164194E+08 5.134824E+25 8.007127E+17 1.302914E+32
2.212428E+08 5.290963E+25 8.078461E+17 1.331945E+32
2.261713E+08 5.451875E+25 8.150374E+17 1.361608E+32
2.312109E+08 5.617783E+25 8.222904E+17 1.391939E+32
2.363679E+08 5.788188E+25 8.295774E+17 1.422977E+32
2.416360E+08 5.964697E+25 8.369609E+17 1.454683E+32
2.470276E+08 6.145648E+25 8.443650E+17 1.487132E+32
2.525428E+08 6.332703E+25 8.518519E+17 1.520325E+32
2.581753E+08 6.525310E+25 8.593926E+17 1.554224E+32
2.639375E+08 6.723467E+25 8.669812E+17 1.588902E+32
2.698294E+08 6.928285E+25 8.746537E+17 1.624361E+32
2.847507E+08 7.138654E+25 8.822412E+17 1.714160E+32
2.911119E+08 7.355683E+25 8.897768E+17 1.752444E+32
2.976153E+08 7.579373E+25 8.973740E+17 1.791581E+32
3.042668E+08 7.810279E+25 9.050449E+17 1.831611E+32
3.110666E+08 8.047845E+25 9.127645E+17 1.872532E+32
3.180208E+08 8.292073E+25 9.205270E+17 1.914382E+32
3.251355E+08 8.544626E+25 9.283785E+17 1.957198E+32
3.324047E+08 8.804395E+25 9.362777E+17 2.000942E+32
3.398406E+08 9.071935E+25 9.442351E+17 2.045690E+32
3.474432E+08 9.347801E+25 9.522607E+17 2.091441E+32
3.552188E+08 9.631993E+25 9.603475E+17 2.138232E+32
3.631735E+08 9.925065E+25 9.685045E+17 2.186100E+32
3.713011E+08 1.022702E+26 9.767245E+17 2.235009E+32
3.796202E+08 1.053785E+26 9.850010E+17 2.285069E+32
3.881184E+08 1.085812E+26 9.933419E+17 2.336207E+32
3.968142E+08 1.118839E+26 1.001755E+18 2.388533E+32
4.057076E+08 1.152864E+26 1.010232E+18 2.442048E+32
4.147987E+08 1.187944E+26 1.018780E+18 2.496752E+32
4.240936E+08 1.224023E+26 1.027379E+18 2.552681E+32
4.336046E+08 1.261268E+26 1.036062E+18 2.609911E+32
4.433256E+08 1.299622E+26 1.044806E+18 2.668404E+32
4.532690E+08 1.339143E+26 1.053620E+18 2.728233E+32
4.634347E+08 1.379884E+26 1.062506E+18 2.789401E+32
4.738351E+08 1.421847E+26 1.071457E+18 2.851979E+32
4.844701E+08 1.465031E+26 1.080467E+18 2.915969E+32
4.953399E+08 1.509602E+26 1.089562E+18 2.981371E+32
5.064567E+08 1.555506E+26 1.098724E+18 3.048258E+32
5.178267E+08 1.602797E+26 1.107955E+18 3.116668E+32
5.294561E+08 1.651532E+26 1.117259E+18 3.186638E+32
5.413511E+08 1.701765E+26 1.126638E+18 3.258205E+32
5.535116E+08 1.753497E+26 1.136085E+18 3.331369E+32
5.659439E+08 1.806838E+26 1.145612E+18 3.406167E+32
5.786603E+08 1.861789E+26 1.155210E+18 3.482674E+32
5.916670E+08 1.918406E+26 1.164882E+18 3.560926E+32
6.049639E+08 1.976743E+26 1.174629E+18 3.640924E+32
6.185882E+08 2.036856E+26 1.184452E+18 3.722890E+32
6.324842E+08 2.098801E+26 1.194352E+18 3.806490E+32
6.466890E+08 2.162577E+26 1.204320E+18 3.891947E+32
6.612643E+08 2.228352E+26 1.214374E+18 3.979633E+32
6.760867E+08 2.296125E+26 1.224506E+18 4.068803E+32
6.913414E+08 2.365952E+26 1.234715E+18 4.160573E+32
7.069050E+08 2.437888E+26 1.245001E+18 4.254200E+32
7.227773E+08 2.512045E+26 1.255371E+18 4.349684E+32
7.390819E+08 2.588421E+26 1.265817E+18 4.447767E+32
7.556954E+08 2.667129E+26 1.276344E+18 4.547706E+32
7.726794E+08 2.748223E+26 1.286952E+18 4.649874E+32
7.900957E+08 2.831816E+26 1.297646E+18 4.754641E+32
8.078826E+08 2.917906E+26 1.308417E+18 4.861635E+32
8.261018E+08 3.006605E+26 1.319270E+18 4.971229E+32
8.446915E+08 3.098079E+26 1.330215E+18 5.083051E+32
8.637136E+08 3.192273E+26 1.341238E+18 5.197471E+32
8.831680E+08 3.289353E+26 1.352349E+18 5.314491E+32
9.031165E+08 3.389376E+26 1.363543E+18 5.434481E+32
9.234355E+08 3.492451E+26 1.374825E+18 5.556699E+32
9.442486E+08 3.598634E+26 1.386192E+18 5.681887E+32
9.655558E+08 3.708037E+26 1.397644E+18 5.810045E+32
9.872954E+08 3.820825E+26 1.409191E+18 5.940801E+32
1.009591E+09 3.937000E+26 1.420822E+18 6.074899E+32
1.032318E+09 4.056727E+26 1.432544E+18 6.211596E+32
1.055602E+09 4.180062E+26 1.444353E+18 6.351634E+32
1.079441E+09 4.307171E+26 1.456255E+18 6.495013E+32
1.103775E+09 4.438166E+26 1.468250E+18 6.641361E+32
1.128664E+09 4.573101E+26 1.480334E+18 6.791051E+32
1.154171E+09 4.712200E+26 1.492515E+18 6.944453E+32
1.180172E+09 4.855461E+26 1.504784E+18 7.100824E+32
1.206852E+09 5.003108E+26 1.517150E+18 7.261279E+32
1.234088E+09 5.155250E+26 1.529610E+18 7.425075E+32
1.261942E+09 5.312000E+26 1.542165E+18 7.592582E+32
1.290413E+09 5.473523E+26 1.554816E+18 7.763801E+32
1.319564E+09 5.639986E+26 1.567566E+18 7.939103E+32
1.391515E+09 5.811500E+26 1.580218E+18 8.371780E+32
1.422950E+09 5.988010E+26 1.592756E+18 8.560819E+32
1.484278E+09 6.170070E+26 1.605277E+18 8.929606E+32
1.517814E+09 6.357681E+26 1.617770E+18 9.131266E+32
1.552091E+09 6.551398E+26 1.630385E+18 9.337380E+32
1.587170E+09 6.750665E+26 1.643075E+18 9.548319E+32
1.623053E+09 6.955483E+26 1.655829E+18 9.764083E+32
1.659676E+09 7.167517E+26 1.668742E+18 9.984300E+32
1.697227E+09 7.385101E+26 1.681699E+18 1.021008E+33
1.735580E+09 7.609901E+26 1.694791E+18 1.044069E+33
1.774797E+09 7.841362E+26 1.707972E+18 1.067650E+33
1.814879E+09 8.079484E+26 1.721233E+18 1.091749E+33
1.855888E+09 8.325376E+26 1.734624E+18 1.116406E+33
1.897885E+09 8.578485E+26 1.748103E+18 1.141656E+33
1.940746E+09 8.839364E+26 1.761689E+18 1.167426E+33
1.984658E+09 9.108014E+26 1.775370E+18 1.193827E+33
2.029557E+09 9.384990E+26 1.789163E+18 1.220821E+33
2.075445E+09 9.670292E+26 1.803057E+18 1.248409E+33
2.122382E+09 9.964475E+26 1.817066E+18 1.276628E+33
2.170370E+09 1.026754E+27 1.831179E+18 1.305477E+33
2.219469E+09 1.058004E+27 1.845409E+18 1.334995E+33
2.269680E+09 1.090142E+27 1.859720E+18 1.365180E+33
2.321003E+09 1.123279E+27 1.874150E+18 1.396033E+33
2.373499E+09 1.157471E+27 1.888709E+18 1.427591E+33
2.427230E+09 1.192662E+27 1.903362E+18 1.459891E+33
2.482134E+09 1.228907E+27 1.918120E+18 1.492896E+33
2.538336E+09 1.266263E+27 1.932994E+18 1.526680E+33
2.595773E+09 1.304784E+27 1.947992E+18 1.561206E+33
2.654507E+09 1.344471E+27 1.963102E+18 1.596510E+33
2.714599E+09 1.385379E+27 1.978332E+18 1.632631E+33
2.776050E+09 1.427509E+27 1.993670E+18 1.669569E+33
2.838860E+09 1.470915E+27 2.009122E+18 1.707322E+33
2.903152E+09 1.515597E+27 2.024677E+18 1.745965E+33
2.968865E+09 1.561723E+27 2.040379E+18 1.785462E+33
3.036122E+09 1.609181E+27 2.056176E+18 1.825885E+33
3.104860E+09 1.658137E+27 2.072112E+18 1.867199E+33
3.278530E+09 1.708537E+27 2.087900E+18 1.971577E+33
3.352765E+09 1.760490E+27 2.103560E+18 2.016193E+33
3.428730E+09 1.814054E+27 2.119349E+18 2.061848E+33
3.506362E+09 1.869172E+27 2.135235E+18 2.108504E+33
3.585786E+09 1.926065E+27 2.151270E+18 2.156235E+33
3.667000E+09 1.984625E+27 2.167409E+18 2.205042E+33
3.750067E+09 2.044960E+27 2.183669E+18 2.254962E+33
3.835049E+09 2.107127E+27 2.200051E+18 2.306031E+33
3.921945E+09 2.171181E+27 2.216557E+18 2.358250E+33
4.010756E+09 2.237233E+27 2.233200E+18 2.411618E+33
4.101667E+09 2.305284E+27 2.249967E+18 2.466247E+33
4.194616E+09 2.375388E+27 2.266858E+18 2.522100E+33
4.289664E+09 2.447602E+27 2.283870E+18 2.579213E+33
4.386875E+09 2.522036E+27 2.301017E+18 2.637624E+33
4.486308E+09 2.598690E+27 2.318285E+18 2.697370E+33
4.587965E+09 2.677731E+27 2.335695E+18 2.758451E+33
4.691969E+09 2.759158E+27 2.353233E+18 2.820941E+33
4.798320E+09 2.843084E+27 2.370909E+18 2.884839E+33
4.907079E+09 2.929507E+27 2.388707E+18 2.950184E+33
5.018309E+09 3.018594E+27 2.406647E+18 3.017011E+33
5.132132E+09 3.110401E+27 2.424725E+18 3.085396E+33
5.248488E+09 3.204984E+27 2.442936E+18 3.155300E+33
5.367500E+09 3.302453E+27 2.461286E+18 3.226798E+33
5.489167E+09 3.402864E+27 2.479772E+18 3.299891E+33
5.613613E+09 3.506327E+27 2.498397E+18 3.374651E+33
5.740963E+09 3.612955E+27 2.517166E+18 3.451153E+33
5.871153E+09 3.722801E+27 2.536073E+18 3.529361E+33
6.004245E+09 3.836034E+27 2.555130E+18 3.609311E+33
6.140426E+09 3.952653E+27 2.574322E+18 3.691113E+33
6.279757E+09 4.072879E+27 2.593668E+18 3.774807E+33
6.422422E+09 4.196713E+27 2.613153E+18 3.860501E+33
6.567558E+09 4.324322E+27 2.632786E+18 3.947678E+33
6.717018E+09 4.455816E+27 2.652569E+18 4.037449E+33
6.868947E+09 4.591307E+27 2.672501E+18 4.128702E+33
7.025200E+09 4.730961E+27 2.692589E+18 4.222550E+33
7.184541E+09 4.874777E+27 2.712816E+18 4.318250E+33
7.347587E+09 5.023034E+27 2.733205E+18 4.416174E+33
7.514339E+09 5.175788E+27 2.753747E+18 4.516320E+33
7.684797E+09 5.333148E+27 2.774438E+18 4.618690E+33
7.858960E+09 5.495337E+27 2.795291E+18 4.723283E+33
8.037446E+09 5.662188E+27 2.816268E+18 4.830470E+33
8.219638E+09 5.834813E+27 2.837489E+18 4.939880E+33
8.406154E+09 6.011878E+27 2.858773E+18 5.051883E+33
8.596992E+09 6.195048E+27 2.880302E+18 5.166479E+33
8.792154E+09 6.383214E+27 2.901927E+18 5.283669E+33
8.991638E+09 6.577486E+27 2.923758E+18 5.403451E+33
9.196064E+09 6.777308E+27 2.945714E+18 5.526198E+33
9.404813E+09 6.983236E+27 2.967838E+18 5.651537E+33
9.617885E+09 7.195825E+27 2.990171E+18 5.779469E+33
9.836515E+09 7.414519E+27 3.012636E+18 5.910735E+33
1.005947E+10 7.639875E+27 3.035271E+18 6.044593E+33
1.028798E+10 7.872446E+27 3.058113E+18 6.181785E+33
1.052143E+10 8.111677E+27 3.081086E+18 6.321940E+33
1.076044E+10 8.358680E+27 3.104280E+18 6.465428E+33
1.100501E+10 8.612899E+27 3.127620E+18 6.612249E+33
1.125452E+10 8.874333E+27 3.151090E+18 6.762032E+33
1.191906E+10 9.144648E+27 3.174410E+18 7.160950E+33
1.218957E+10 9.422179E+27 3.197415E+18 7.323330E+33
1.246626E+10 9.709146E+27 3.220673E+18 7.489414E+33
1.274973E+10 1.000444E+28 3.244075E+18 7.659571E+33
1.303939E+10 1.030861E+28 3.267644E+18 7.833431E+33
1.333522E+10 1.062167E+28 3.291363E+18 8.010992E+33
1.363784E+10 1.094471E+28 3.315296E+18 8.192627E+33
1.394788E+10 1.127775E+28 3.339420E+18 8.378705E+33
1.426471E+10 1.162078E+28 3.363717E+18 8.568856E+33
1.458833E+10 1.197380E+28 3.388165E+18 8.763078E+33
1.491998E+10 1.233792E+28 3.412823E+18 8.962113E+33
1.525904E+10 1.271314E+28 3.437667E+18 9.165591E+33
1.560552E+10 1.310002E+28 3.462714E+18 9.373510E+33
1.596002E+10 1.349800E+28 3.487907E+18 9.586241E+33
1.632255E+10 1.390875E+28 3.513331E+18 9.803785E+33
1.669311E+10 1.433170E+28 3.538929E+18 1.002614E+34
1.707232E+10 1.476743E+28 3.564714E+18 1.025368E+34
1.746017E+10 1.521647E+28 3.590697E+18 1.048639E+34
1.785729E+10 1.567939E+28 3.616887E+18 1.072466E+34
1.826243E+10 1.615619E+28 3.643263E+18 1.096774E+34
1.867746E+10 1.664742E+28 3.669834E+18 1.121674E+34
1.910175E+10 1.715364E+28 3.696607E+18 1.147130E+34
1.953592E+10 1.767484E+28 3.723560E+18 1.173177E+34
1.997998E+10 1.821270E+28 3.750755E+18 1.199816E+34
2.043391E+10 1.876665E+28 3.778142E+18 1.227047E+34
2.089835E+10 1.933725E+28 3.805726E+18 1.254908E+34
2.137328E+10 1.992506E+28 3.833509E+18 1.283397E+34
2.185872E+10 2.053119E+28 3.861521E+18 1.312515E+34
2.235588E+10 2.115508E+28 3.889714E+18 1.342336E+34
2.286355E+10 2.179840E+28 3.918138E+18 1.372786E+34
2.338295E+10 2.246114E+28 3.946770E+18 1.403938E+34
2.391471E+10 2.314442E+28 3.975632E+18 1.435831E+34
2.445820E+10 2.384824E+28 4.004702E+18 1.468426E+34
2.501404E+10 2.457315E+28 4.033976E+18 1.501761E+34
2.558284E+10 2.532082E+28 4.063499E+18 1.535873E+34
2.616401E+10 2.609069E+28 4.093222E+18 1.570724E+34
2.675876E+10 2.688388E+28 4.123165E+18 1.606389E+34
2.736709E+10 2.770148E+28 4.153344E+18 1.642867E+34
2.798901E+10 2.854407E+28 4.183753E+18 1.680159E+34
2.974053E+10 2.941163E+28 4.213791E+18 1.785180E+34
3.041618E+10 3.030639E+28 4.243507E+18 1.825691E+34
3.110789E+10 3.122779E+28 4.273427E+18 1.867163E+34
3.181505E+10 3.217750E+28 4.303581E+18 1.909560E+34
3.253826E+10 3.315552E+28 4.333943E+18 1.952918E+34
3.327814E+10 3.416407E+28 4.364557E+18 1.997274E+34
3.403470E+10 3.520259E+28 4.395379E+18 2.042629E+34
3.480855E+10 3.627331E+28 4.426450E+18 2.089018E+34
3.559970E+10 3.737622E+28 4.457743E+18 2.136442E+34
3.640937E+10 3.851298E+28 4.489280E+18 2.184976E+34
3.723696E+10 3.968416E+28 4.521049E+18 2.234581E+34
3.808369E+10 4.089087E+28 4.553054E+18 2.285332E+34
3.894956E+10 4.213421E+28 4.585297E+18 2.337229E+34
3.983520E+10 4.341529E+28 4.617780E+18 2.390308E+34
4.074122E+10 4.473578E+28 4.650517E+18 2.444607E+34
4.166762E+10 4.609624E+28 4.683495E+18 2.500125E+34
4.261502E+10 4.749777E+28 4.716713E+18 2.556899E+34
4.358403E+10 4.894205E+28 4.750183E+18 2.614967E+34
4.457528E+10 5.043017E+28 4.783901E+18 2.674365E+34
4.558876E+10 5.196380E+28 4.817878E+18 2.735093E+34
4.662571E+10 5.354407E+28 4.852110E+18 2.797224E+34
4.768613E+10 5.517206E+28 4.886590E+18 2.860760E+34
4.877064E+10 5.684946E+28 4.921327E+18 2.925736E+34
4.987985E+10 5.858125E+28 4.956392E+18 2.992190E+34
5.101438E+10 6.035745E+28 4.991556E+18 3.060158E+34
5.217485E+10 6.219471E+28 5.027120E+18 3.129677E+34
5.336126E+10 6.408747E+28 5.062943E+18 3.200747E+34
5.457546E+10 6.603574E+28 5.098996E+18 3.273480E+34
5.581684E+10 6.804506E+28 5.135351E+18 3.347837E+34
5.708600E+10 7.010989E+28 5.171880E+18 3.423856E+34
5.838482E+10 7.224688E+28 5.208844E+18 3.501647E+34
6.120601E+10 7.443938E+28 5.245471E+18 3.670613E+34
6.259994E+10 7.670403E+28 5.282006E+18 3.754094E+34
6.402042E+10 7.903529E+28 5.318780E+18 3.839161E+34
6.547795E+10 8.143871E+28 5.355849E+18 3.926445E+34
6.696637E+10 8.391984E+28 5.393265E+18 4.015574E+34
6.849184E+10 8.646757E+28 5.430830E+18 4.106918E+34
7.004819E+10 8.909857E+28 5.468759E+18 4.200108E+34
7.164160E+10 9.180727E+28 5.506941E+18 4.295512E+34
7.327206E+10 9.459923E+28 5.545420E+18 4.393130E+34
7.493958E+10 9.747445E+28 5.584164E+18 4.492963E+34
7.664416E+10 1.004385E+29 5.623216E+18 4.595010E+34
7.975686E+10 1.034969E+29 5.662276E+18 4.781349E+34
8.366627E+10 1.066441E+29 5.700748E+18 5.015371E+34
8.556848E+10 1.098856E+29 5.739003E+18 5.129235E+34
8.751392E+10 1.132271E+29 5.777560E+18 5.245682E+34
8.950877E+10 1.166685E+29 5.816386E+18 5.365081E+34
9.154685E+10 1.202153E+29 5.855510E+18 5.487062E+34
9.362816E+10 1.238732E+29 5.894961E+18 5.611625E+34
9.575888E+10 1.276365E+29 5.934646E+18 5.739140E+34
9.793901E+10 1.315220E+29 5.974706E+18 5.869606E+34
1.001624E+11 1.355184E+29 6.014994E+18 6.002652E+34
1.024413E+11 1.396425E+29 6.055645E+18 6.139019E+34
1.047758E+11 1.438887E+29 6.096568E+18 6.278706E+34
1.087655E+11 1.482626E+29 6.137476E+18 6.517419E+34
1.112421E+11 1.527697E+29 6.178388E+18 6.665591E+34
1.137743E+11 1.574156E+29 6.219619E+18 6.817083E+34
1.163620E+11 1.622002E+29 6.261138E+18 6.971892E+34
1.190115E+11 1.671347E+29 6.303003E+18 7.130389E+34
1.217228E+11 1.722191E+29 6.345179E+18 7.292573E+34
1.244896E+11 1.774534E+29 6.387631E+18 7.458074E+34
1.273244E+11 1.828486E+29 6.430415E+18 7.627631E+34
1.302210E+11 1.884103E+29 6.473537E+18 7.800873E+34
1.331854E+11 1.941385E+29 6.516962E+18 7.978170E+34
1.362179E+11 2.000444E+29 6.560736E+18 8.159522E+34
1.393182E+11 2.061279E+29 6.604823E+18 8.344927E+34
1.424927E+11 2.123945E+29 6.649225E+18 8.534755E+34
1.457351E+11 2.188554E+29 6.693984E+18 8.728635E+34
1.534365E+11 2.255106E+29 6.738417E+18 9.189125E+34
1.569322E+11 2.323656E+29 6.782520E+18 9.398127E+34
1.605019E+11 2.394316E+29 6.826967E+18 9.611548E+34
1.641581E+11 2.467140E+29 6.871756E+18 9.830129E+34
1.678946E+11 2.542129E+29 6.916848E+18 1.005350E+35
1.717175E+11 2.619449E+29 6.962307E+18 1.028202E+35
1.756269E+11 2.699100E+29 7.008094E+18 1.051571E+35
1.796228E+11 2.781194E+29 7.054234E+18 1.075455E+35
1.837113E+11 2.865730E+29 7.100688E+18 1.099891E+35
1.878924E+11 2.952875E+29 7.147510E+18 1.124880E+35
1.952728E+11 3.042684E+29 7.194313E+18 1.168986E+35
2.027396E+11 3.135213E+29 7.240736E+18 1.213607E+35
2.073530E+11 3.230572E+29 7.287163E+18 1.241175E+35
2.120715E+11 3.328763E+29 7.333905E+18 1.269370E+35
2.169011E+11 3.430006E+29 7.381027E+18 1.298227E+35
2.218419E+11 3.534302E+29 7.428488E+18 1.327746E+35
2.268939E+11 3.641762E+29 7.476299E+18 1.357928E+35
2.320570E+11 3.752497E+29 7.524470E+18 1.388773E+35
2.373437E+11 3.866618E+29 7.573008E+18 1.420354E+35
2.427477E+11 3.984236E+29 7.621918E+18 1.452634E+35
2.523452E+11 4.105350E+29 7.670763E+18 1.509961E+35
2.580889E+11 4.230184E+29 7.719589E+18 1.544266E+35
2.639684E+11 4.358847E+29 7.768791E+18 1.579381E+35
2.745973E+11 4.491396E+29 7.817933E+18 1.642858E+35
2.808474E+11 4.627941E+29 7.867011E+18 1.680182E+35
2.872458E+11 4.768705E+29 7.916478E+18 1.718389E+35
2.937861E+11 4.913687E+29 7.966292E+18 1.757443E+35
3.004748E+11 5.063110E+29 8.016489E+18 1.797379E+35
3.073178E+11 5.217084E+29 8.067062E+18 1.838235E+35
3.143152E+11 5.375721E+29 8.118006E+18 1.880010E+35
3.214732E+11 5.539187E+29 8.169331E+18 1.922741E+35
3.287917E+11 5.707704E+29 8.221063E+18 1.966429E+35
3.418848E+11 5.881438E+29 8.272781E+18 2.044582E+35
3.496728E+11 6.060168E+29 8.324373E+18 2.091066E+35
3.576336E+11 6.244449E+29 8.376381E+18 2.138580E+35
3.657798E+11 6.434280E+29 8.428763E+18 2.187196E+35
3.741112E+11 6.629662E+29 8.481475E+18 2.236916E+35
3.889027E+11 6.831149E+29 8.534193E+18 2.325182E+35
3.977653E+11 7.039298E+29 8.587011E+18 2.378065E+35
4.068255E+11 7.252996E+29 8.640027E+18 2.432123E+35
4.160895E+11 7.473911E+29 8.693613E+18 2.487395E+35
4.255696E+11 7.700932E+29 8.747453E+18 2.543953E+35
4.422819E+11 7.935168E+29 8.801334E+18 2.643651E+35
4.523549E+11 8.176620E+29 8.855206E+18 2.703739E+35
4.700060E+11 8.425288E+29 8.909026E+18 2.809025E+35
4.807090E+11 8.681171E+29 8.962750E+18 2.872863E+35
5.184320E+11 8.945381E+29 9.015583E+18 3.097848E+35
6.021600E+11 9.496557E+29 9.114135E+18 3.597171E+35
6.188970E+11 9.619781E+29 9.134285E+18 3.696977E+35
6.356957E+11 9.742450E+29 9.153809E+18 3.797150E+35
6.524326E+11 9.864009E+29 9.172652E+18 3.896952E+35
6.691696E+11 9.985567E+29 9.191019E+18 3.996753E+35
6.859683E+11 1.010768E+30 9.209013E+18 4.096919E+35
7.027053E+11 1.022924E+30 9.226493E+18 4.196715E+35
7.194422E+11 1.035801E+30 9.244576E+18 4.296510E+35
7.361792E+11 1.047291E+30 9.260339E+18 4.396302E+35
7.529779E+11 1.059503E+30 9.276714E+18 4.496461E+35
7.697149E+11 1.071714E+30 9.292730E+18 4.596250E+35
7.864518E+11 1.083981E+30 9.308472E+18 4.696037E+35
8.032506E+11 1.096303E+30 9.323952E+18 4.796190E+35
8.199875E+11 1.108681E+30 9.339181E+18 4.895974E+35
8.367862E+11 1.121114E+30 9.354168E+18 4.996124E+35
8.535232E+11 1.133548E+30 9.368859E+18 5.095904E+35
8.702602E+11 1.146037E+30 9.383328E+18 5.195683E+35
8.870589E+11 1.158581E+30 9.397585E+18 5.295828E+35
9.037958E+11 1.171237E+30 9.411698E+18 5.395604E+35
9.205328E+11 1.183892E+30 9.425553E+18 5.495378E+35
9.373315E+11 1.196603E+30 9.439218E+18 5.595518E+35
9.540685E+11 1.209369E+30 9.452699E+18 5.695289E+35
9.708054E+11 1.222191E+30 9.466003E+18 5.795059E+35
9.876042E+11 1.235124E+30 9.479193E+18 5.895195E+35
1.004341E+12 1.248113E+30 9.492216E+18 5.994961E+35
1.021140E+12 1.261157E+30 9.505078E+18 6.095094E+35
1.037877E+12 1.274201E+30 9.517732E+18 6.194858E+35
1.054614E+12 1.287411E+30 9.530341E+18 6.294620E+35
1.071412E+12 1.300622E+30 9.542752E+18 6.394749E+35
1.088149E+12 1.313887E+30 9.555022E+18 6.494509E+35
1.104948E+12 1.327264E+30 9.567205E+18 6.594635E+35
1.121685E+12 1.340697E+30 9.579255E+18 6.694392E+35
1.138422E+12 1.354074E+30 9.591077E+18 6.794147E+35
1.155221E+12 1.367673E+30 9.602920E+18 6.894269E+35
1.171958E+12 1.381328E+30 9.614639E+18 6.994022E+35
1.188756E+12 1.394982E+30 9.626193E+18 7.094142E+35
1.205493E+12 1.408748E+30 9.637677E+18 7.193892E+35
1.222292E+12 1.422569E+30 9.649048E+18 7.294009E+35
1.239029E+12 1.436445E+30 9.660309E+18 7.393757E+35
1.255828E+12 1.450377E+30 9.671464E+18 7.493872E+35
1.272565E+12 1.464420E+30 9.682558E+18 7.593617E+35
1.289302E+12 1.478519E+30 9.693551E+18 7.693361E+35
1.306100E+12 1.492673E+30 9.704444E+18 7.793472E+35
1.322837E+12 1.506938E+30 9.715283E+18 7.893213E+35
1.339636E+12 1.521203E+30 9.725985E+18 7.993322E+35
1.356373E+12 1.535579E+30 9.736637E+18 8.093061E+35
1.373172E+12 1.550011E+30 9.747198E+18 8.193167E+35
1.389909E+12 1.564498E+30 9.757671E+18 8.292904E+35
1.406708E+12 1.579041E+30 9.768059E+18 8.393008E+35
1.423444E+12 1.593694E+30 9.778401E+18 8.492742E+35
1.440243E+12 1.608348E+30 9.788623E+18 8.592844E+35
1.456980E+12 1.623113E+30 9.798802E+18 8.692576E+35
1.473779E+12 1.637933E+30 9.808904E+18 8.792675E+35
1.490516E+12 1.652864E+30 9.818965E+18 8.892406E+35
1.507315E+12 1.667795E+30 9.828915E+18 8.992502E+35
1.524052E+12 1.682837E+30 9.838827E+18 9.092230E+35
1.540850E+12 1.697935E+30 9.848667E+18 9.192325E+35
1.557587E+12 1.713033E+30 9.858400E+18 9.292051E+35
1.574386E+12 1.728297E+30 9.868136E+18 9.392143E+35
1.591123E+12 1.743561E+30 9.877768E+18 9.491867E+35
1.607922E+12 1.758936E+30 9.887369E+18 9.591957E+35
1.624659E+12 1.774311E+30 9.896870E+18 9.691679E+35
1.641457E+12 1.789798E+30 9.906342E+18 9.791767E+35
1.658194E+12 1.805339E+30 9.915751E+18 9.891486E+35
1.674993E+12 1.820937E+30 9.925098E+18 9.991573E+35
1.691730E+12 1.836589E+30 9.934386E+18 1.009129E+36
1.708529E+12 1.852298E+30 9.943614E+18 1.019137E+36
1.725266E+12 1.868117E+30 9.952817E+18 1.029109E+36
1.742064E+12 1.883936E+30 9.961931E+18 1.039117E+36
1.758801E+12 1.899867E+30 9.971021E+18 1.049088E+36
1.775600E+12 1.915852E+30 9.980056E+18 1.059096E+36
1.792337E+12 1.931894E+30 9.989037E+18 1.069068E+36
1.809136E+12 1.947990E+30 9.997965E+18 1.079075E+36
1.825873E+12 1.964143E+30 1.000684E+19 1.089046E+36
1.842671E+12 1.980351E+30 1.001567E+19 1.099054E+36
1.859408E+12 1.996669E+30 1.002447E+19 1.109025E+36
1.876207E+12 2.013044E+30 1.003323E+19 1.119032E+36
1.893006E+12 2.029418E+30 1.004191E+19 1.129039E+36
1.909743E+12 2.045903E+30 1.005057E+19 1.139010E+36
1.926541E+12 2.062444E+30 1.005918E+19 1.149017E+36
1.943278E+12 2.079041E+30 1.006775E+19 1.158987E+36
1.960077E+12 2.095692E+30 1.007627E+19 1.168994E+36
1.976814E+12 2.112400E+30 1.008475E+19 1.178964E+36
1.993613E+12 2.129218E+30 1.009321E+19 1.188971E+36
2.010412E+12 2.146037E+30 1.010160E+19 1.198978E+36
2.027148E+12 2.162910E+30 1.010995E+19 1.208947E+36
2.043947E+12 2.179895E+30 1.011828E+19 1.218954E+36
2.060684E+12 2.196825E+30 1.012652E+19 1.228923E+36
2.077483E+12 2.213921E+30 1.013477E+19 1.238930E+36
2.178090E+12 2.317606E+30 1.018346E+19 1.298855E+36
2.261960E+12 2.405639E+30 1.022307E+19 1.348809E+36
2.597502E+12 2.771536E+30 1.037372E+19 1.548639E+36
2.681372E+12 2.868228E+30 1.041031E+19 1.598583E+36
2.849174E+12 3.060002E+30 1.047960E+19 1.698500E+36
3.688307E+12 4.101187E+30 1.079930E+19 2.198050E+36
3.856109E+12 4.323101E+30 1.085806E+19 2.297924E+36
4.023973E+12 4.549233E+30 1.091539E+19 2.397830E+36
4.191898E+12 4.779529E+30 1.097139E+19 2.497765E+36
4.359762E+12 5.013876E+30 1.102613E+19 2.597658E+36
4.527687E+12 5.252164E+30 1.107969E+19 2.697581E+36
4.695551E+12 5.494338E+30 1.113214E+19 2.797462E+36
4.863476E+12 5.740452E+30 1.118357E+19 2.897374E+36
5.031402E+12 5.989675E+30 1.123388E+19 2.997280E+36
5.199327E+12 6.242783E+30 1.128330E+19 3.097180E+36
5.367315E+12 6.499777E+30 1.133188E+19 3.197112E+36
5.535240E+12 6.760101E+30 1.137957E+19 3.297002E+36
5.703227E+12 7.023201E+30 1.142633E+19 3.396923E+36
5.871153E+12 7.290186E+30 1.147241E+19 3.496803E+36
6.039140E+12 7.560501E+30 1.151774E+19 3.596714E+36
6.206880E+12 7.833591E+30 1.156228E+19 3.696473E+36
7.047434E+12 9.245114E+30 1.177519E+19 4.196298E+36
7.383408E+12 9.829595E+30 1.185609E+19 4.396048E+36
7.719382E+12 1.042518E+31 1.193485E+19 4.595781E+36
8.055357E+12 1.103130E+31 1.201159E+19 4.795497E+36
8.391949E+12 1.164798E+31 1.208647E+19 4.995563E+36
8.727923E+12 1.227409E+31 1.215951E+19 5.195245E+36
9.063898E+12 1.290963E+31 1.223085E+19 5.394912E+36
9.400490E+12 1.355462E+31 1.230060E+19 5.594930E+36
9.736464E+12 1.420848E+31 1.236883E+19 5.794565E+36
1.007306E+13 1.487122E+31 1.243564E+19 5.994552E+36
1.040903E+13 1.554229E+31 1.250107E+19 6.194158E+36
1.074562E+13 1.622169E+31 1.256519E+19 6.394116E+36
1.108160E+13 1.690886E+31 1.262806E+19 6.593694E+36
1.141819E+13 1.760435E+31 1.268978E+19 6.793624E+36
1.175478E+13 1.830706E+31 1.275032E+19 6.993540E+36
1.209137E+13 1.901754E+31 1.280981E+19 7.193444E+36
1.242735E+13 1.973468E+31 1.286821E+19 7.392967E+36
1.276394E+13 2.045959E+31 1.292566E+19 7.592845E+36
1.310053E+13 2.119061E+31 1.298209E+19 7.792709E+36
1.343712E+13 2.192884E+31 1.303763E+19 7.992561E+36
1.377372E+13 2.267318E+31 1.309224E+19 8.192401E+36
1.411031E+13 2.342473E+31 1.314605E+19 8.392229E+36
1.444690E+13 2.418184E+31 1.319898E+19 8.592045E+36
1.478349E+13 2.494560E+31 1.325114E+19 8.791850E+36
1.512008E+13 2.571492E+31 1.330250E+19 8.991643E+36
1.545668E+13 2.649034E+31 1.335312E+19 9.191424E+36
1.579327E+13 2.727187E+31 1.340305E+19 9.391194E+36
1.612986E+13 2.805839E+31 1.345223E+19 9.590954E+36
1.646645E+13 2.885102E+31 1.350077E+19 9.790702E+36
1.680304E+13 2.964864E+31 1.354863E+19 9.990440E+36
1.714025E+13 3.045182E+31 1.359586E+19 1.019053E+37
1.747684E+13 3.126054E+31 1.364249E+19 1.039025E+37
1.781344E+13 3.207426E+31 1.368852E+19 1.058996E+37
1.815003E+13 3.289298E+31 1.373396E+19 1.078965E+37
1.848724E+13 3.371614E+31 1.377880E+19 1.098971E+37
1.882383E+13 3.454484E+31 1.382313E+19 1.118938E+37
1.916042E+13 3.537799E+31 1.386691E+19 1.138905E+37
1.949763E+13 3.621614E+31 1.391019E+19 1.158907E+37
1.983422E+13 3.705872E+31 1.395294E+19 1.178872E+37
2.017143E+13 3.790630E+31 1.399523E+19 1.198872E+37
2.050803E+13 3.875777E+31 1.403701E+19 1.218835E+37
2.084524E+13 3.961423E+31 1.407834E+19 1.238834E+37
2.118183E+13 4.047457E+31 1.411920E+19 1.258795E+37
2.151904E+13 4.133936E+31 1.415962E+19 1.278792E+37
2.185563E+13 4.220859E+31 1.419961E+19 1.298751E+37
2.219284E+13 4.308170E+31 1.423917E+19 1.318746E+37
2.253005E+13 4.395925E+31 1.427833E+19 1.338740E+37
2.286664E+13 4.484069E+31 1.431708E+19 1.358696E+37
2.320385E+13 4.572602E+31 1.435543E+19 1.378689E+37
2.354106E+13 4.661522E+31 1.439339E+19 1.398680E+37
2.387765E+13 4.750887E+31 1.443100E+19 1.418634E+37
2.421486E+13 4.840586E+31 1.446822E+19 1.438624E+37
2.455207E+13 4.930672E+31 1.450508E+19 1.458613E+37
2.488928E+13 5.021147E+31 1.454160E+19 1.478601E+37
2.522587E+13 5.112011E+31 1.457778E+19 1.498552E+37
2.556308E+13 5.203263E+31 1.461364E+19 1.518539E+37
2.590029E+13 5.294848E+31 1.464915E+19 1.538525E+37
2.623750E+13 5.386767E+31 1.468433E+19 1.558510E+37
2.657471E+13 5.479129E+31 1.471923E+19 1.578494E+37
2.691192E+13 5.571713E+31 1.475377E+19 1.598477E+37
2.724913E+13 5.664964E+31 1.478812E+19 1.618460E+37
2.758634E+13 5.758214E+31 1.482206E+19 1.638442E+37
2.792293E+13 5.852020E+31 1.485578E+19 1.658387E+37
2.826014E+13 5.945825E+31 1.488909E+19 1.678367E+37
2.859797E+13 6.040186E+31 1.492220E+19 1.698383E+37
2.893518E+13 6.135101E+31 1.495512E+19 1.718362E+37
2.927239E+13 6.230017E+31 1.498766E+19 1.738341E+37
2.960960E+13 6.325488E+31 1.502001E+19 1.758318E+37
2.994681E+13 6.420958E+31 1.505199E+19 1.778295E+37
3.028402E+13 6.516984E+31 1.508380E+19 1.798271E+37
3.062123E+13 6.613565E+31 1.511544E+19 1.818246E+37
3.095844E+13 6.710146E+31 1.514674E+19 1.838221E+37
3.129564E+13 6.807282E+31 1.517787E+19 1.858195E+37
3.163285E+13 6.904417E+31 1.520867E+19 1.878168E+37
3.197068E+13 7.002108E+31 1.523931E+19 1.898178E+37
3.230789E+13 7.099799E+31 1.526963E+19 1.918150E+37
3.264510E+13 7.198045E+31 1.529981E+19 1.938121E+37
3.298231E+13 7.296846E+31 1.532985E+19 1.958091E+37
3.332014E+13 7.395647E+31 1.535958E+19 1.978098E+37
3.365735E+13 7.494448E+31 1.538901E+19 1.998067E+37
3.399456E+13 7.594360E+31 1.541847E+19 2.018036E+37
3.433238E+13 7.693716E+31 1.544748E+19 2.038040E+37
3.466959E+13 7.793627E+31 1.547637E+19 2.058008E+37
3.500680E+13 7.894093E+31 1.550513E+19 2.077974E+37
3.534463E+13 7.995114E+31 1.553378E+19 2.097977E+37
3.568184E+13 8.096136E+31 1.556216E+19 2.117943E+37
3.601905E+13 8.197157E+31 1.559026E+19 2.137907E+37
3.635688E+13 8.298733E+31 1.561826E+19 2.157908E+37
3.669409E+13 8.400310E+31 1.564600E+19 2.177872E+37
3.703191E+13 8.502441E+31 1.567364E+19 2.197871E+37
3.736912E+13 8.605128E+31 1.570117E+19 2.217833E+37
3.770695E+13 8.707814E+31 1.572846E+19 2.237832E+37
3.804416E+13 8.810501E+31 1.575550E+19 2.257793E+37
3.838199E+13 8.913742E+31 1.578245E+19 2.277790E+37
3.871920E+13 9.017539E+31 1.580930E+19 2.297750E+37
3.905702E+13 9.121335E+31 1.583592E+19 2.317746E+37
3.939423E+13 9.225687E+31 1.586246E+19 2.337704E+37
3.973206E+13 9.330039E+31 1.588876E+19 2.357699E+37
4.006989E+13 9.434946E+31 1.591499E+19 2.377693E+37
4.040710E+13 9.539852E+31 1.594099E+19 2.397650E+37
4.082954E+13 9.671402E+31 1.597329E+19 2.422651E+37
4.251744E+13 1.020260E+32 1.610043E+19 2.522533E+37
4.420596E+13 1.074045E+32 1.622415E+19 2.622438E+37
4.589447E+13 1.128608E+32 1.634495E+19 2.722330E+37
4.758361E+13 1.183836E+32 1.646280E+19 2.822244E+37
4.927213E+13 1.239787E+32 1.657802E+19 2.922110E+37
5.096188E+13 1.296459E+32 1.669079E+19 3.022035E+37
5.265102E+13 1.353907E+32 1.680138E+19 3.121912E+37
5.434077E+13 1.412022E+32 1.690971E+19 3.221813E+37
5.603052E+13 1.470970E+32 1.701622E+19 3.321702E+37
5.772090E+13 1.530639E+32 1.712083E+19 3.421616E+37
5.941127E+13 1.591141E+32 1.722384E+19 3.521518E+37
6.110164E+13 1.652420E+32 1.732523E+19 3.621409E+37
6.279139E+13 1.714531E+32 1.742520E+19 3.721253E+37
6.448362E+13 1.777420E+32 1.752373E+19 3.821231E+37
6.617584E+13 1.841196E+32 1.762106E+19 3.921198E+37
6.786806E+13 1.905861E+32 1.771724E+19 4.021155E+37
6.955411E+13 1.971414E+32 1.781235E+19 4.120736E+37
7.124634E+13 2.037910E+32 1.790651E+19 4.220672E+37
7.293856E+13 2.105351E+32 1.799977E+19 4.320597E+37
7.463078E+13 2.173679E+32 1.809208E+19 4.420511E+37
7.632301E+13 2.243061E+32 1.818371E+19 4.520416E+37
7.801523E+13 2.313443E+32 1.827461E+19 4.620310E+37
7.970746E+13 2.384880E+32 1.836490E+19 4.720195E+37
8.139968E+13 2.457371E+32 1.845460E+19 4.820069E+37
8.309190E+13 2.530917E+32 1.854372E+19 4.919933E+37
8.478413E+13 2.605628E+32 1.863243E+19 5.019788E+37
8.648253E+13 2.681449E+32 1.872067E+19 5.119997E+37
8.817475E+13 2.758548E+32 1.880865E+19 5.219831E+37
8.986698E+13 2.836811E+32 1.889626E+19 5.319657E+37
9.155920E+13 2.916241E+32 1.898352E+19 5.419472E+37
9.325142E+13 2.997002E+32 1.907061E+19 5.519278E+37
9.494982E+13 3.079040E+32 1.915748E+19 5.619438E+37
9.664205E+13 3.162411E+32 1.924420E+19 5.719224E+37
9.833427E+13 3.247113E+32 1.933077E+19 5.819001E+37
1.000327E+14 3.333259E+32 1.941730E+19 5.919132E+37
1.017249E+14 3.420737E+32 1.950370E+19 6.018890E+37
1.034171E+14 3.509713E+32 1.959012E+19 6.118638E+37
1.051155E+14 3.600188E+32 1.967657E+19 6.218740E+37
1.068077E+14 3.692051E+32 1.976293E+19 6.318469E+37
1.085061E+14 3.785635E+32 1.984953E+19 6.418552E+37
1.101984E+14 3.880550E+32 1.993599E+19 6.518262E+37
1.118968E+14 3.977131E+32 2.002262E+19 6.618326E+37
1.135890E+14 4.075210E+32 2.010927E+19 6.718016E+37
1.152874E+14 4.174733E+32 2.019589E+19 6.818061E+37
1.169796E+14 4.275865E+32 2.028263E+19 6.917732E+37
1.186780E+14 4.378163E+32 2.036909E+19 7.017757E+37
1.203764E+14 4.480350E+32 2.045424E+19 7.117773E+37
1.220686E+14 4.586312E+32 2.054129E+19 7.217416E+37
1.237670E+14 4.692550E+32 2.062736E+19 7.317412E+37
1.254654E+14 4.796736E+32 2.071061E+19 7.417399E+37
1.271577E+14 4.903918E+32 2.079511E+19 7.517013E+37
1.284361E+14 4.982737E+32 2.085652E+19 7.592263E+37
1.288561E+14 4.998279E+32 2.086855E+19 7.616982E+37
1.360696E+14 5.436944E+32 2.119832E+19 8.041482E+37
1.411648E+14 5.657193E+32 2.135653E+19 8.341240E+37
1.420109E+14 5.695492E+32 2.138346E+19 8.391013E+37
1.428632E+14 5.738787E+32 2.141372E+19 8.441148E+37
1.437093E+14 5.795958E+32 2.145344E+19 8.490917E+37
1.444319E+14 5.846469E+32 2.148834E+19 8.533419E+37
1.461303E+14 6.001886E+32 2.159484E+19 8.633309E+37
1.478287E+14 6.161189E+32 2.170273E+19 8.733188E+37
1.495271E+14 6.323822E+32 2.181160E+19 8.833054E+37
1.512255E+14 6.490896E+32 2.192219E+19 8.932908E+37
1.529239E+14 6.661855E+32 2.203407E+19 9.032749E+37
1.546223E+14 6.836700E+32 2.214722E+19 9.132578E+37
1.563269E+14 7.015985E+32 2.226197E+19 9.232758E+37
1.567098E+14 7.057059E+32 2.228808E+19 9.255260E+37
1.584082E+14 7.241340E+32 2.240445E+19 9.355061E+37
1.601066E+14 7.429506E+32 2.252200E+19 9.454848E+37
1.618050E+14 7.622668E+32 2.264139E+19 9.554623E+37
1.635096E+14 7.819715E+32 2.276190E+19 9.654747E+37
1.652080E+14 8.021757E+32 2.288418E+19 9.754495E+37
1.669126E+14 8.228241E+32 2.300785E+19 9.854591E+37
1.686110E+14 8.439164E+32 2.313289E+19 9.954312E+37
1.703156E+14 8.654528E+32 2.325926E+19 1.005438E+38
1.720140E+14 8.875443E+32 2.338760E+19 1.015407E+38
1.737185E+14 9.100798E+32 2.351722E+19 1.025411E+38
1.754169E+14 9.330594E+32 2.364809E+19 1.035378E+38
1.771215E+14 9.565940E+32 2.378081E+19 1.045379E+38
1.788261E+14 9.806282E+32 2.391504E+19 1.055378E+38
1.805307E+14 1.005162E+33 2.405075E+19 1.065377E+38
1.822291E+14 1.030251E+33 2.418822E+19 1.075337E+38
1.839336E+14 1.055839E+33 2.432711E+19 1.085332E+38
1.856382E+14 1.081927E+33 2.446739E+19 1.095326E+38
1.873428E+14 1.108626E+33 2.460962E+19 1.105318E+38
1.890474E+14 1.135824E+33 2.475319E+19 1.115308E+38
1.907519E+14 1.163577E+33 2.489836E+19 1.125297E+38
1.924565E+14 1.191885E+33 2.504510E+19 1.135284E+38
1.941611E+14 1.220804E+33 2.519367E+19 1.145269E+38
1.958657E+14 1.250277E+33 2.534375E+19 1.155253E+38
1.975764E+14 1.280306E+33 2.549532E+19 1.165271E+38
1.992810E+14 1.310946E+33 2.564862E+19 1.175252E+38
2.009856E+14 1.342196E+33 2.580362E+19 1.185231E+38
2.026963E+14 1.374001E+33 2.596003E+19 1.195244E+38
2.044009E+14 1.406472E+33 2.611835E+19 1.205219E+38
2.061055E+14 1.439554E+33 2.627829E+19 1.215193E+38
2.075939E+14 1.468805E+33 2.641861E+19 1.223900E+38
2.246829E+14 1.832926E+33 2.809118E+19 1.323768E+38
2.418089E+14 2.262100E+33 2.991548E+19 1.423657E+38
2.589720E+14 2.766041E+33 3.190801E+19 1.523550E+38
2.761784E+14 3.352631E+33 3.407487E+19 1.623463E+38
2.934218E+14 4.029418E+33 3.641961E+19 1.723340E+38
3.107146E+14 4.803729E+33 3.894409E+19 1.823232E+38
3.280568E+14 5.682726E+33 4.164897E+19 1.923118E+38
3.454546E+14 6.672957E+33 4.453271E+19 2.023014E+38
3.629079E+14 7.782526E+33 4.759793E+19 2.122897E+38
3.804231E+14 9.016984E+33 5.083981E+19 2.222782E+38
3.980000E+14 1.038410E+34 5.425942E+19 2.322649E+38
4.156510E+14 1.189054E+34 5.785467E+19 2.422546E+38
4.333699E+14 1.354241E+34 6.162210E+19 2.522418E+38
4.511692E+14 1.534747E+34 6.556199E+19 2.622313E+38
4.690487E+14 1.731183E+34 6.967073E+19 2.722211E+38
4.870085E+14 1.944216E+34 7.394593E+19 2.822090E+38
5.050548E+14 2.174511E+34 7.838514E+19 2.921965E+38
5.231937E+14 2.422735E+34 8.298582E+19 3.021848E+38
5.414314E+14 2.689609E+34 8.774634E+19 3.121755E+38
5.597618E+14 2.975743E+34 9.266305E+19 3.221630E+38
5.781971E+14 3.281749E+34 9.773233E+19 3.321520E+38
5.967375E+14 3.608403E+34 1.029533E+20 3.421406E+38
6.153828E+14 3.956316E+34 1.083222E+20 3.521268E+38
6.341517E+14 4.326098E+34 1.138355E+20 3.621185E+38
6.530502E+14 4.718416E+34 1.194902E+20 3.721169E+38
6.720106E+14 5.133991E+34 1.252844E+20 3.820842E+38
6.911562E+14 5.573379E+34 1.312138E+20 3.920836E+38
7.104253E+14 6.037410E+34 1.372774E+20 4.020806E+38
7.298179E+14 6.526420E+34 1.434681E+20 4.120733E+38
7.493341E+14 7.041518E+34 1.497887E+20 4.220599E+38
7.689738E+14 7.582703E+34 1.562283E+20 4.320386E+38
7.887987E+14 8.151642E+34 1.627956E+20 4.420389E+38
8.087472E+14 8.747779E+34 1.694736E+20 4.520276E+38
8.288192E+14 9.372223E+34 1.762647E+20 4.620031E+38
8.490765E+14 1.002609E+35 1.831710E+20 4.719943E+38
8.694573E+14 1.070937E+35 1.901824E+20 4.819689E+38
8.900234E+14 1.142318E+35 1.973007E+20 4.919553E+38
9.107747E+14 1.216807E+35 2.045217E+20 5.019517E+38
9.317114E+14 1.294460E+35 2.118415E+20 5.119561E+38
9.527715E+14 1.375333E+35 2.192563E+20 5.219373E+38
9.740170E+14 1.459480E+35 2.267627E+20 5.319232E+38
9.954477E+14 1.546958E+35 2.343568E+20 5.419118E+38
1.017064E+15 1.637877E+35 2.420400E+20 5.519016E+38
1.038865E+15 1.732238E+35 2.498039E+20 5.618908E+38
1.060852E+15 1.830151E+35 2.576497E+20 5.718777E+38
1.083023E+15 1.931672E+35 2.655739E+20 5.818609E+38
1.105442E+15 2.036856E+35 2.735731E+20 5.918663E+38
1.127985E+15 2.145759E+35 2.816440E+20 6.018372E+38
1.150774E+15 2.258437E+35 2.897835E+20 6.118270E+38
1.173749E+15 2.375000E+35 2.979924E+20 6.218068E+38
1.196971E+15 2.495448E+35 3.062636E+20 6.318018E+38
1.220378E+15 2.619838E+35 3.145941E+20 6.417840E+38
1.244032E+15 2.748279E+35 3.229847E+20 6.517781E+38
1.267933E+15 2.880772E+35 3.314288E+20 6.617825E+38
1.292019E+15 3.017429E+35 3.399271E+20 6.717698E+38
1.316291E+15 3.158303E+35 3.484771E+20 6.817390E+38
1.340871E+15 3.303452E+35 3.570759E+20 6.917392E+38
1.365637E+15 3.452875E+35 3.657178E+20 7.017185E+38
1.390712E+15 3.606738E+35 3.744064E+20 7.117254E+38
1.415972E+15 3.764986E+35 3.831331E+20 7.217089E+38
1.441478E+15 3.927730E+35 3.918987E+20 7.316925E+38
1.467232E+15 4.095026E+35 4.007009E+20 7.416748E+38
1.493295E+15 4.266984E+35 4.095401E+20 7.516781E+38
1.519543E+15 4.443550E+35 4.184085E+20 7.616538E+38
1.546100E+15 4.624833E+35 4.273069E+20 7.716475E+38
1.572904E+15 4.810890E+35 4.362332E+20 7.816347E+38
1.599955E+15 5.001831E+35 4.451880E+20 7.916141E+38
1.627314E+15 5.197601E+35 4.541643E+20 8.016073E+38
1.654921E+15 5.398312E+35 4.631626E+20 8.115904E+38
1.682836E+15 5.603907E+35 4.721764E+20 8.215846E+38
1.711061E+15 5.814831E+35 4.812206E+20 8.315882E+38
1.739470E+15 6.030750E+35 4.902768E+20 8.415567E+38
1.768251E+15 6.251664E+35 4.993415E+20 8.515539E+38
1.797278E+15 6.478130E+35 5.084332E+20 8.615356E+38
1.826676E+15 6.709591E+35 5.175259E+20 8.715429E+38
1.856259E+15 6.946047E+35 5.266165E+20 8.815119E+38
1.886212E+15 7.188054E+35 5.357231E+20 8.915042E+38
1.916475E+15 7.435612E+35 5.448419E+20 9.014976E+38
1.947046E+15 7.688720E+35 5.539691E+20 9.114911E+38
1.977926E+15 7.947379E+35 5.631016E+20 9.214834E+38
2.009115E+15 8.211034E+35 5.722171E+20 9.314738E+38
2.040612E+15 8.480794E+35 5.813509E+20 9.414612E+38
2.072419E+15 8.756105E+35 5.904812E+20 9.514445E+38
2.104534E+15 9.036966E+35 5.996051E+20 9.614229E+38
2.137020E+15 9.323933E+35 6.087379E+20 9.714144E+38
2.169876E+15 9.616451E+35 6.178589E+20 9.814178E+38
2.202979E+15 9.914519E+35 6.269660E+20 9.913947E+38
2.236453E+15 1.021536E+36 6.359746E+20 1.001382E+39
2.270298E+15 1.051954E+36 6.449029E+20 1.011380E+39
2.304451E+15 1.082649E+36 6.537364E+20 1.021370E+39
2.338975E+15 1.113677E+36 6.624926E+20 1.031369E+39
2.373807E+15 1.144982E+36 6.711576E+20 1.041361E+39
2.409072E+15 1.176676E+36 6.797632E+20 1.051381E+39
2.444646E+15 1.208648E+36 6.882803E+20 1.061392E+39
2.480529E+15 1.240897E+36 6.967108E+20 1.071395E+39
2.516844E+15 1.273534E+36 7.050849E+20 1.081425E+39
2.553529E+15 1.306505E+36 7.133889E+20 1.091463E+39
2.590523E+15 1.339753E+36 7.216102E+20 1.101493E+39
2.627950E+15 1.373390E+36 7.297773E+20 1.111548E+39
2.665747E+15 1.407360E+36 7.378773E+20 1.121612E+39
2.703853E+15 1.441607E+36 7.458984E+20 1.131667E+39
2.742391E+15 1.476243E+36 7.538673E+20 1.141746E+39
2.781300E+15 1.511212E+36 7.617721E+20 1.151832E+39
2.820641E+15 1.546570E+36 7.696258E+20 1.161942E+39
2.860353E+15 1.582260E+36 7.774166E+20 1.172058E+39
2.900435E+15 1.618284E+36 7.851455E+20 1.182181E+39
2.940888E+15 1.654640E+36 7.928134E+20 1.192311E+39
2.981773E+15 1.691385E+36 8.004325E+20 1.202462E+39
3.023090E+15 1.728519E+36 8.080032E+20 1.212634E+39
3.064778E+15 1.765986E+36 8.155146E+20 1.222811E+39
3.106837E+15 1.803785E+36 8.229677E+20 1.232994E+39
3.149389E+15 1.842029E+36 8.303846E+20 1.243211E+39
3.192313E+15 1.880606E+36 8.377441E+20 1.253433E+39
3.235606E+15 1.919516E+36 8.450470E+20 1.263660E+39
3.279394E+15 1.958870E+36 8.523144E+20 1.273920E+39
3.323553E+15 1.998557E+36 8.595263E+20 1.284183E+39
3.368143E+15 2.038632E+36 8.666931E+20 1.294465E+39
3.413166E+15 2.079096E+36 8.738153E+20 1.304764E+39
3.458622E+15 2.119949E+36 8.808932E+20 1.315080E+39
3.504509E+15 2.161190E+36 8.879271E+20 1.325413E+39
3.550829E+15 2.202819E+36 8.949173E+20 1.335762E+39
3.597582E+15 2.244838E+36 9.018642E+20 1.346127E+39
3.644828E+15 2.287300E+36 9.087771E+20 1.356521E+39
3.692445E+15 2.330095E+36 9.156382E+20 1.366917E+39
3.740556E+15 2.373335E+36 9.224657E+20 1.377340E+39
3.789100E+15 2.416962E+36 9.292511E+20 1.387778E+39
3.838075E+15 2.460979E+36 9.359946E+20 1.398230E+39
3.887545E+15 2.505439E+36 9.427049E+20 1.408709E+39
3.937385E+15 2.550233E+36 9.493656E+20 1.419188E+39
3.987781E+15 2.595526E+36 9.560017E+20 1.429706E+39
4.038610E+15 2.641207E+36 9.625970E+20 1.440236E+39
4.089871E+15 2.687278E+36 9.691517E+20 1.450779E+39
4.141626E+15 2.733792E+36 9.756740E+20 1.461346E+39
4.193813E+15 2.780695E+36 9.821563E+20 1.471924E+39
4.246556E+15 2.828097E+36 9.886140E+20 1.482538E+39
4.299669E+15 2.875832E+36 9.950246E+20 1.493151E+39
4.353339E+15 2.924067E+36 1.001411E+21 1.503799E+39
4.407441E+15 2.972691E+36 1.007758E+21 1.514456E+39
4.462036E+15 3.021758E+36 1.014073E+21 1.525136E+39
4.517126E+15 3.071270E+36 1.020357E+21 1.535837E+39
4.572710E+15 3.121225E+36 1.026609E+21 1.546558E+39
4.628727E+15 3.171569E+36 1.032823E+21 1.557289E+39
4.685299E+15 3.222413E+36 1.039013E+21 1.568051E+39
4.742365E+15 3.273701E+36 1.045172E+21 1.578833E+39
4.799864E+15 3.325377E+36 1.051293E+21 1.589623E+39
4.857918E+15 3.377553E+36 1.057390E+21 1.600444E+39
4.916467E+15 3.430173E+36 1.063456E+21 1.611282E+39
4.975509E+15 3.483237E+36 1.069491E+21 1.622139E+39
5.035046E+15 3.536745E+36 1.075496E+21 1.633014E+39
5.095076E+15 3.590697E+36 1.081471E+21 1.643906E+39
5.155663E+15 3.645148E+36 1.087421E+21 1.654826E+39
5.216744E+15 3.700044E+36 1.093342E+21 1.665763E+39
5.278318E+15 3.755384E+36 1.099232E+21 1.676717E+39
5.340449E+15 3.811223E+36 1.105098E+21 1.687696E+39
5.403074E+15 3.867506E+36 1.110935E+21 1.698692E+39
5.466192E+15 3.924234E+36 1.116741E+21 1.709703E+39
5.529867E+15 3.981460E+36 1.122524E+21 1.720739E+39
5.594036E+15 4.039131E+36 1.128277E+21 1.731790E+39
5.658760E+15 4.097302E+36 1.134007E+21 1.742865E+39
5.724040E+15 4.155972E+36 1.139712E+21 1.753965E+39
5.789815E+15 4.215086E+36 1.145389E+21 1.765078E+39
5.856145E+15 4.274700E+36 1.151042E+21 1.776215E+39
5.923031E+15 4.334813E+36 1.156671E+21 1.787374E+39
5.990411E+15 4.395370E+36 1.162271E+21 1.798546E+39
6.058347E+15 4.456427E+36 1.167847E+21 1.809741E+39
6.126839E+15 4.517983E+36 1.173400E+21 1.820957E+39
6.195763E+15 4.579928E+36 1.178920E+21 1.832175E+39
6.265552E+15 4.642650E+36 1.184441E+21 1.843464E+39
6.335341E+15 4.705372E+36 1.189894E+21 1.854685E+39
6.406365E+15 4.769205E+36 1.195377E+21 1.866034E+39
6.477389E+15 4.833037E+36 1.200794E+21 1.877315E+39
6.549030E+15 4.897424E+36 1.206193E+21 1.888626E+39
6.621907E+15 4.962921E+36 1.211619E+21 1.900063E+39
6.694784E+15 5.028419E+36 1.216980E+21 1.911431E+39
6.768278E+15 5.094471E+36 1.222323E+21 1.922828E+39
6.841773E+15 5.160523E+36 1.227603E+21 1.934158E+39
6.916502E+15 5.227686E+36 1.232909E+21 1.945610E+39
6.991850E+15 5.295403E+36 1.238196E+21 1.957089E+39
7.067814E+15 5.363676E+36 1.243464E+21 1.968594E+39
7.143779E+15 5.431949E+36 1.248671E+21 1.980033E+39
7.220979E+15 5.501331E+36 1.253901E+21 1.991590E+39
7.298179E+15 5.570714E+36 1.259072E+21 2.003081E+39
7.376614E+15 5.641207E+36 1.264265E+21 2.014688E+39
7.455050E+15 5.711700E+36 1.269398E+21 2.026229E+39
7.534102E+15 5.782748E+36 1.274513E+21 2.037794E+39
7.613773E+15 5.854351E+36 1.279611E+21 2.049384E+39
7.694678E+15 5.927064E+36 1.284728E+21 2.061087E+39
7.775584E+15 5.999777E+36 1.289788E+21 2.072724E+39
7.857107E+15 6.073045E+36 1.294830E+21 2.084384E+39
7.939248E+15 6.146869E+36 1.299853E+21 2.096066E+39
8.022006E+15 6.221247E+36 1.304858E+21 2.107771E+39
8.105382E+15 6.296180E+36 1.309844E+21 2.119498E+39
8.189376E+15 6.371669E+36 1.314812E+21 2.131247E+39
8.273987E+15 6.447712E+36 1.319762E+21 2.143017E+39
8.359216E+15 6.524311E+36 1.324693E+21 2.154808E+39
8.445062E+15 6.601465E+36 1.329606E+21 2.166619E+39
8.531526E+15 6.679173E+36 1.334501E+21 2.178451E+39
8.618608E+15 6.757437E+36 1.339377E+21 2.190302E+39
8.705690E+15 6.835701E+36 1.344201E+21 2.202090E+39
8.794006E+15 6.915075E+36 1.349041E+21 2.213981E+39
8.882941E+15 6.995004E+36 1.353862E+21 2.225890E+39
8.972493E+15 7.075488E+36 1.358666E+21 2.237819E+39
9.062662E+15 7.156527E+36 1.363451E+21 2.249766E+39
9.153450E+15 7.238121E+36 1.368218E+21 2.261731E+39
9.244854E+15 7.320270E+36 1.372967E+21 2.273713E+39
9.336877E+15 7.402974E+36 1.377698E+21 2.285714E+39
9.429517E+15 7.486234E+36 1.382411E+21 2.297731E+39
9.522774E+15 7.570048E+36 1.387106E+21 2.309765E+39
9.616650E+15 7.654417E+36 1.391783E+21 2.321816E+39
9.711142E+15 7.739342E+36 1.396442E+21 2.333884E+39
9.806253E+15 7.824821E+36 1.401083E+21 2.345968E+39
9.901981E+15 7.910856E+36 1.405706E+21 2.358067E+39
9.998326E+15 7.997446E+36 1.410312E+21 2.370183E+39
1.009529E+16 8.084590E+36 1.414900E+21 2.382314E+39
1.019349E+16 8.172845E+36 1.419499E+21 2.394536E+39
1.029169E+16 8.261100E+36 1.424052E+21 2.406697E+39
1.039050E+16 8.349910E+36 1.428587E+21 2.418872E+39
1.049055E+16 8.439830E+36 1.433133E+21 2.431138E+39
1.059060E+16 8.529750E+36 1.437633E+21 2.443342E+39
1.069189E+16 8.620780E+36 1.442144E+21 2.455635E+39
1.079380E+16 8.712366E+36 1.446636E+21 2.467940E+39
1.089570E+16 8.803951E+36 1.451085E+21 2.480185E+39
1.099884E+16 8.896646E+36 1.455542E+21 2.492517E+39
1.110260E+16 8.989897E+36 1.459982E+21 2.504862E+39
1.120697E+16 9.083702E+36 1.464405E+21 2.517219E+39
1.131196E+16 9.178063E+36 1.468811E+21 2.529588E+39
1.141757E+16 9.272978E+36 1.473199E+21 2.541970E+39
1.152380E+16 9.368449E+36 1.477570E+21 2.554363E+39
1.163126E+16 9.465030E+36 1.481949E+21 2.566839E+39
1.173872E+16 9.561611E+36 1.486286E+21 2.579255E+39
1.184680E+16 9.658747E+36 1.490606E+21 2.591683E+39
1.195612E+16 9.756993E+36 1.494933E+21 2.604192E+39
1.206605E+16 9.855794E+36 1.499244E+21 2.616711E+39
1.217660E+16 9.955150E+36 1.503537E+21 2.629241E+39
1.228777E+16 1.005506E+37 1.507813E+21 2.641781E+39
1.239956E+16 1.015553E+37 1.512072E+21 2.654331E+39
1.251196E+16 1.025655E+37 1.516315E+21 2.666890E+39
1.262498E+16 1.035812E+37 1.520541E+21 2.679459E+39
1.273924E+16 1.046081E+37 1.524773E+21 2.692106E+39
1.285349E+16 1.056350E+37 1.528965E+21 2.704694E+39
1.296898E+16 1.066729E+37 1.533164E+21 2.717358E+39
1.308509E+16 1.077165E+37 1.537345E+21 2.730032E+39
1.320182E+16 1.087655E+37 1.541511E+21 2.742713E+39
1.331916E+16 1.098201E+37 1.545659E+21 2.755403E+39
1.343712E+16 1.108803E+37 1.549791E+21 2.768101E+39
1.355632E+16 1.119516E+37 1.553929E+21 2.780872E+39
1.367613E+16 1.130284E+37 1.558049E+21 2.793652E+39
1.379595E+16 1.141052E+37 1.562132E+21 2.806373E+39
1.391700E+16 1.151931E+37 1.566220E+21 2.819167E+39
1.403867E+16 1.162866E+37 1.570292E+21 2.831968E+39
1.416157E+16 1.173912E+37 1.574368E+21 2.844840E+39
1.428447E+16 1.184958E+37 1.578407E+21 2.857655E+39
1.440861E+16 1.196114E+37 1.582450E+21 2.870540E+39
1.453336E+16 1.207327E+37 1.586478E+21 2.883431E+39
1.465874E+16 1.218594E+37 1.590489E+21 2.896328E+39
1.478473E+16 1.229918E+37 1.594484E+21 2.909232E+39
1.491133E+16 1.241296E+37 1.598463E+21 2.922141E+39
1.503918E+16 1.252786E+37 1.602445E+21 2.935118E+39
1.516764E+16 1.264332E+37 1.606412E+21 2.948101E+39
1.529672E+16 1.275932E+37 1.610362E+21 2.961088E+39
1.542641E+16 1.287589E+37 1.614297E+21 2.974081E+39
1.555673E+16 1.299300E+37 1.618216E+21 2.987079E+39
1.568828E+16 1.311123E+37 1.622138E+21 3.000142E+39
1.582044E+16 1.323002E+37 1.626045E+21 3.013210E+39
1.595323E+16 1.334935E+37 1.629935E+21 3.026283E+39
1.608663E+16 1.346925E+37 1.633810E+21 3.039359E+39
1.622126E+16 1.359025E+37 1.637688E+21 3.052500E+39
1.635652E+16 1.371181E+37 1.641549E+21 3.065644E+39
1.649239E+16 1.383392E+37 1.645396E+21 3.078792E+39
1.662888E+16 1.395659E+37 1.649226E+21 3.091943E+39
1.676599E+16 1.407982E+37 1.653042E+21 3.105098E+39
1.690433E+16 1.420415E+37 1.656859E+21 3.118315E+39
1.704329E+16 1.432904E+37 1.660662E+21 3.131534E+39
1.718287E+16 1.445448E+37 1.664448E+21 3.144757E+39
1.732368E+16 1.458104E+37 1.668237E+21 3.158041E+39
1.746511E+16 1.470815E+37 1.672010E+21 3.171326E+39
1.760716E+16 1.483581E+37 1.675768E+21 3.184614E+39
1.774982E+16 1.496403E+37 1.679511E+21 3.197905E+39
1.789311E+16 1.509280E+37 1.683238E+21 3.211197E+39
1.803763E+16 1.522269E+37 1.686967E+21 3.224549E+39
1.818276E+16 1.535313E+37 1.690682E+21 3.237902E+39
1.832913E+16 1.548468E+37 1.694396E+21 3.251313E+39
1.847550E+16 1.561623E+37 1.698081E+21 3.264669E+39
1.862311E+16 1.574889E+37 1.701766E+21 3.278083E+39
1.877195E+16 1.588266E+37 1.705452E+21 3.291553E+39
1.892079E+16 1.601643E+37 1.709107E+21 3.304969E+39
1.907087E+16 1.615131E+37 1.712763E+21 3.318441E+39
2.554195E+16 2.196713E+37 1.847393E+21 3.854923E+39
3.420878E+16 2.975636E+37 1.981161E+21 4.473771E+39
4.581643E+16 4.018862E+37 2.114291E+21 5.188229E+39
6.136274E+16 5.416073E+37 2.246950E+21 6.013580E+39
8.218420E+16 7.287381E+37 2.379259E+21 6.967474E+39
1.100707E+17 9.793657E+37 2.511308E+21 8.070308E+39
1.474197E+17 1.315036E+38 2.643163E+21 9.345659E+39
1.974418E+17 1.764604E+38 2.774874E+21 1.082079E+40
