99
1.31540e+01 3.02250e+14 1.000000000000000e+00 7.924096588134946e+24
4.15970e+01 1.92720e+15 6.169058645807678e+13 2.505843330666745e+25
1.31540e+02 1.22890e+16 1.860897532570332e+14 7.924095568518816e+25
4.15970e+02 7.83530e+16 4.369030412746853e+14 2.505842680519117e+26
1.31540e+03 4.99620e+17 9.426565076345070e+14 7.924091423106947e+26
4.15970e+03 3.18570e+18 1.962426911450120e+15 2.505840037228274e+27
1.31540e+04 2.03130e+19 4.018658038443778e+15 7.924074568931646e+27
4.15970e+04 1.29520e+20 8.164689803917460e+15 2.505829290448889e+28
1.31540e+05 8.25880e+20 1.652484022711513e+16 7.924006045409773e+28
4.15970e+05 5.26600e+21 3.338165907299602e+16 2.505785597143829e+29
1.04490e+06 2.31800e+22 5.857785623531075e+16 6.294323421602584e+29
2.62470e+06 9.75520e+22 1.004058793727188e+17 1.581033325231249e+30
6.59350e+06 3.91100e+23 1.672433037591472e+17 3.971510986497769e+30
8.29990e+06 5.25900e+23 1.853981938080408e+17 4.999260873025365e+30
1.65600e+07 1.43500e+24 2.595615687860541e+17 9.973984507415035e+30
3.30490e+07 3.83300e+24 3.585067972482360e+17 1.990366419743817e+31
6.59600e+07 1.00600e+25 4.873409877972069e+17 3.972013875614493e+31
1.31610e+08 2.60400e+25 6.531046104655977e+17 7.924298076158515e+31
2.62630e+08 6.67570e+25 8.668626519751144e+17 1.581030206289742e+32
3.30640e+08 8.73780e+25 9.365846505473528e+17 1.990317700807139e+32
5.24190e+08 1.62900e+26 1.114324220797008e+18 3.154948811263500e+32
8.30800e+08 3.02900e+26 1.323273977677400e+18 4.999483075925509e+32
1.04610e+09 4.12900e+26 1.440780951682058e+18 6.294475985582544e+32
1.21280e+09 5.03600e+26 1.521230890047166e+18 7.297038026411411e+32
1.60570e+09 6.86000e+26 1.651706029609848e+18 9.659720734753058e+32
2.54560e+09 1.27200e+27 1.935581172218990e+18 1.531045669974695e+33
4.16720e+09 2.35600e+27 2.263218251468768e+18 2.505622991297160e+33
6.60710e+09 4.36200e+27 2.639290536313056e+18 3.971424648283108e+33
8.03190e+09 5.66220e+27 2.817166411825665e+18 4.827134508320228e+33
1.01140e+10 7.70200e+27 3.042779634809318e+18 6.077323314850882e+33
1.31940e+10 1.04800e+28 3.282123713577963e+18 7.926218532757645e+33
1.66110e+10 1.42500e+28 3.535245274514385e+18 9.976856223316173e+33
2.09180e+10 1.93800e+28 3.809168314928207e+18 1.256084476707322e+34
2.53420e+10 2.50300e+28 4.053974648370240e+18 1.521425980440967e+34
3.31640e+10 3.40400e+28 4.363325135105437e+18 1.990426083637937e+34
4.17590e+10 4.62800e+28 4.690148686265234e+18 2.505594652094080e+34
5.04170e+10 5.94920e+28 4.977389701411714e+18 3.024360386945623e+34
6.62310e+10 8.08890e+28 5.345900056356980e+18 3.971547113114229e+34
8.34190e+10 1.10000e+29 5.734896833237186e+18 5.000603006379245e+34
1.02650e+11 1.45000e+29 6.126297936554537e+18 6.151379682172590e+34
1.09230e+11 1.49500e+29 6.168732971349136e+18 6.545062973722729e+34
1.41670e+11 2.03300e+29 6.582692165064500e+18 8.485584602230093e+34
1.70270e+11 2.59700e+29 6.944165812570189e+18 1.019555452706401e+35
1.84590e+11 2.89200e+29 7.110406514820920e+18 1.105148322029750e+35
2.09800e+11 3.29000e+29 7.312496259234973e+18 1.255801289380712e+35
2.73230e+11 4.47300e+29 7.801835712703951e+18 1.634709577784994e+35
3.32810e+11 5.81590e+29 8.245390984989534e+18 1.990432791216584e+35
4.19180e+11 7.53770e+29 8.702897868174867e+18 2.505849998132370e+35
4.30290e+11 7.80470e+29 8.765635547232673e+18 2.572130430065540e+35
4.33810e+11 7.89020e+29 8.785384859635748e+18 2.593129208555526e+35
4.52760e+11 8.35200e+29 8.889363071307260e+18 2.706168787026107e+35
4.82820e+11 9.09800e+29 9.048542602860030e+18 2.885454872965436e+35
4.98410e+11 9.49100e+29 9.128482247715467e+18 2.978425584489551e+35
5.11770e+11 9.83130e+29 9.195729670424642e+18 3.058091161397380e+35
5.72080e+11 1.08300e+30 9.380653627734749e+18 3.417665328414727e+35
2.11580e+12 2.15470e+30 1.037561383102425e+19 1.261376085441529e+36
3.17920e+12 3.42720e+30 1.085411290978413e+19 1.894459755716790e+36
4.48640e+12 5.26790e+30 1.133636860917973e+19 2.672261219788182e+36
6.05600e+12 7.79750e+30 1.181768158875344e+19 3.605694361085936e+36
7.91210e+12 1.11470e+31 1.229827597105425e+19 4.708917680281742e+36
1.26030e+13 2.08940e+31 1.325775482879611e+19 7.494794726279787e+36
1.88390e+13 3.58410e+31 1.421527544006711e+19 1.119435130005800e+37
2.69420e+13 5.76100e+31 1.517118392652230e+19 1.599641602942875e+37
3.72000e+13 8.81160e+31 1.612557531538404e+19 2.206915348268064e+37
4.97170e+13 1.29470e+32 1.707854099192650e+19 2.947138896037302e+37
7.20740e+13 2.16200e+32 1.850552219270284e+19 4.267517486653791e+37
1.05180e+14 3.84750e+32 2.040425775756655e+19 6.219124855895840e+37
1.23820e+14 5.04620e+32 2.144725249131491e+19 7.316169352332138e+37
1.28550e+14 5.37110e+32 2.170355289805464e+19 7.594350239503277e+37
1.69490e+14 9.91510e+32 2.469726749018115e+19 9.998142646493847e+37
2.55190e+14 2.98270e+33 3.384116460890845e+19 1.499734039244937e+38
3.41950e+14 6.95880e+33 4.683172057819439e+19 1.999624071982773e+38
4.30170e+14 1.36680e+34 6.365230955504038e+19 2.499552092427859e+38
5.20240e+14 2.37580e+34 8.395872480301846e+19 2.999507359087137e+38
6.12520e+14 3.78300e+34 1.073666439172678e+20 3.499401008675173e+38
7.07400e+14 5.64500e+34 1.334937716073310e+20 3.999387768625913e+38
8.05170e+14 8.01620e+34 1.619826892113591e+20 4.499164631027663e+38
9.06270e+14 1.09480e+35 1.924881874917498e+20 4.999259303233764e+38
1.01090e+15 1.44910e+35 2.247033207069775e+20 5.499051403340623e+38
1.11940e+15 1.86930e+35 2.583387464385095e+20 5.998668826920432e+38
1.23230e+15 2.35990e+35 2.931205978506318e+20 6.499118077895978e+38
1.34960e+15 2.92550e+35 3.288222775941535e+20 6.999067065935979e+38
1.47160e+15 3.57020e+35 3.652238122218610e+20 7.498590260254452e+38
1.59880e+15 4.29810e+35 4.021373347625552e+20 7.998578871536791e+38
1.73140e+15 5.11290e+35 4.393850202229949e+20 8.498720249065976e+38
1.86950e+15 6.01850e+35 4.768304171555577e+20 8.998397342558382e+38
2.01360e+15 7.01770e+35 5.143181874953967e+20 9.498488544934517e+38
2.16380e+15 8.11390e+35 5.517436303224380e+20 9.998468043166066e+38
2.32030e+15 9.31010e+35 5.890108300068736e+20 1.049821010205759e+39
2.48350e+15 1.06090e+36 6.260339949792191e+20 1.099824369842824e+39
2.65350e+15 1.20130e+36 6.627377997993127e+20 1.149817790110071e+39
2.83050e+15 1.35240e+36 6.990530739256584e+20 1.199797383537480e+39
3.01480e+15 1.51440e+36 7.349292832570942e+20 1.249789488396004e+39
3.20660e+15 1.68760e+36 7.703487105334786e+20 1.299792767609734e+39
3.40590e+15 1.87200e+36 8.052440467732167e+20 1.349757933747758e+39
3.61320e+15 2.06790e+36 8.396175411408234e+20 1.399764025639802e+39
3.82850e+15 2.27540e+36 8.734409253296570e+20 1.449766459695907e+39
4.05200e+15 2.49470e+36 9.067106652309058e+20 1.499771600678957e+39
4.28370e+15 2.72580e+36 9.393995656939165e+20 1.549743690159789e+39
