405
1.059308E+06 2.144482E+22 1.000000E+00 6.381514E+29
1.122056E+06 2.349245E+22 1.877729E+15 6.759515E+29
1.188571E+06 2.573545E+22 3.819559E+15 7.160210E+29
1.258978E+06 2.819271E+22 5.827865E+15 7.584342E+29
1.333584E+06 3.088477E+22 7.904997E+15 8.033773E+29
1.412575E+06 3.383381E+22 1.005315E+16 8.509618E+29
1.496321E+06 3.706427E+22 1.227464E+16 9.014109E+29
1.584947E+06 4.060335E+22 1.457222E+16 9.547990E+29
1.678884E+06 4.448046E+22 1.694845E+16 1.011387E+30
1.778379E+06 4.872779E+22 1.940594E+16 1.071322E+30
1.883742E+06 5.338032E+22 2.194728E+16 1.134792E+30
1.995404E+06 5.847579E+22 2.457486E+16 1.202057E+30
2.113612E+06 6.405972E+22 2.729322E+16 1.273265E+30
2.238862E+06 7.017650E+22 3.010443E+16 1.348714E+30
2.371522E+06 7.688165E+22 3.301365E+16 1.428627E+30
2.512026E+06 8.421957E+22 3.601933E+16 1.513265E+30
2.660930E+06 9.226242E+22 3.912944E+16 1.602962E+30
2.818603E+06 1.010713E+23 4.234516E+16 1.697941E+30
2.985602E+06 1.107238E+23 4.567177E+16 1.798538E+30
3.162483E+06 1.212922E+23 4.911029E+16 1.905087E+30
3.349924E+06 1.328763E+23 5.266844E+16 2.017997E+30
3.548421E+06 1.455650E+23 5.634781E+16 2.137566E+30
3.758652E+06 1.594638E+23 6.015263E+16 2.264203E+30
3.981420E+06 1.746891E+23 6.408742E+16 2.398392E+30
4.217343E+06 1.913688E+23 6.815688E+16 2.540504E+30
4.467224E+06 2.096414E+23 7.236562E+16 2.691023E+30
4.731928E+06 2.296569E+23 7.671790E+16 2.850469E+30
5.012380E+06 2.515874E+23 8.121979E+16 3.019402E+30
5.309384E+06 2.756105E+23 8.587534E+16 3.198303E+30
5.623989E+06 3.019260E+23 9.068986E+16 3.387806E+30
5.957246E+06 3.307560E+23 9.566932E+16 3.588542E+30
6.310019E+06 3.623390E+23 1.008192E+17 3.801033E+30
6.684285E+06 3.969360E+23 1.061450E+17 4.026468E+30
7.080166E+06 4.348356E+23 1.116526E+17 4.264922E+30
7.500134E+06 4.763543E+23 1.173486E+17 4.517883E+30
7.944189E+06 5.218416E+23 1.232399E+17 4.785349E+30
8.414800E+06 5.716585E+23 1.293312E+17 5.068810E+30
8.913821E+06 6.262766E+23 1.356358E+17 5.369381E+30
9.441869E+06 6.860568E+23 1.421502E+17 5.687433E+30
1.000141E+07 7.515541E+23 1.488883E+17 6.024454E+30
1.059431E+07 8.233236E+23 1.558585E+17 6.381560E+30
1.122179E+07 9.019204E+23 1.630648E+17 6.759494E+30
1.188695E+07 9.880660E+23 1.705213E+17 7.160115E+30
1.259101E+07 1.082427E+24 1.782321E+17 7.584168E+30
1.333769E+07 1.185779E+24 1.862050E+17 8.033883E+30
1.412760E+07 1.298956E+24 1.944474E+17 8.509632E+30
1.496507E+07 1.423013E+24 2.029766E+17 9.014018E+30
1.585194E+07 1.558892E+24 2.117960E+17 9.548155E+30
1.679131E+07 1.707704E+24 2.209144E+17 1.011390E+31
1.778626E+07 1.870781E+24 2.303478E+17 1.071312E+31
1.884051E+07 2.049400E+24 2.401021E+17 1.134804E+31
1.995713E+07 2.245115E+24 2.501920E+17 1.202052E+31
2.113983E+07 2.459480E+24 2.606250E+17 1.273279E+31
2.239232E+07 2.694327E+24 2.714154E+17 1.348708E+31
2.371955E+07 2.951598E+24 2.825748E+17 1.428637E+31
2.512520E+07 3.205872E+24 2.929871E+17 1.513288E+31
2.661424E+07 3.452431E+24 3.025186E+17 1.602959E+31
2.819097E+07 3.718028E+24 3.122117E+17 1.697910E+31
2.986220E+07 4.003996E+24 3.220643E+17 1.798551E+31
3.163162E+07 4.312000E+24 3.320824E+17 1.905104E+31
3.350604E+07 4.643649E+24 3.422661E+17 2.017978E+31
3.549162E+07 5.000832E+24 3.526203E+17 2.137546E+31
3.759516E+07 5.385490E+24 3.631470E+17 2.264215E+31
3.982347E+07 5.799844E+24 3.738518E+17 2.398395E+31
4.218332E+07 6.246114E+24 3.847362E+17 2.540494E+31
4.468336E+07 6.726242E+24 3.957912E+17 2.691034E+31
4.733163E+07 7.243560E+24 4.070359E+17 2.850497E+31
5.013615E+07 7.800843E+24 4.184717E+17 3.019367E+31
5.310804E+07 8.400865E+24 4.300956E+17 3.198312E+31
5.625533E+07 9.046957E+24 4.419116E+17 3.387816E+31
5.958914E+07 9.743005E+24 4.539290E+17 3.588547E+31
6.311872E+07 1.049234E+25 4.661427E+17 3.801064E+31
6.686138E+07 1.129940E+25 4.785614E+17 4.026407E+31
7.082637E+07 1.216863E+25 4.911878E+17 4.265133E+31
7.501987E+07 1.310446E+25 5.040213E+17 4.517614E+31
7.946659E+07 1.411245E+25 5.170712E+17 4.785336E+31
8.417888E+07 1.519816E+25 5.303405E+17 5.069043E+31
8.916909E+07 1.636712E+25 5.438276E+17 5.369479E+31
9.444957E+07 1.762600E+25 5.575396E+17 5.687385E+31
1.000512E+08 1.898201E+25 5.714834E+17 6.024621E+31
1.059802E+08 2.044183E+25 5.856542E+17 6.381557E+31
1.122612E+08 2.201432E+25 6.000649E+17 6.759681E+31
1.189127E+08 2.370781E+25 6.147161E+17 7.160106E+31
1.259595E+08 2.553119E+25 6.296085E+17 7.584319E+31
1.334263E+08 2.749500E+25 6.447504E+17 8.033807E+31
1.413316E+08 2.961034E+25 6.601481E+17 8.509683E+31
1.497124E+08 3.188776E+25 6.757979E+17 9.014177E+31
1.585812E+08 3.434058E+25 6.917098E+17 9.548032E+31
1.679810E+08 3.698212E+25 7.078873E+17 1.011385E+32
1.779367E+08 3.982682E+25 7.243341E+17 1.071311E+32
1.884853E+08 4.289020E+25 7.410541E+17 1.134805E+32
1.996577E+08 4.618949E+25 7.580539E+17 1.202053E+32
2.114909E+08 4.974189E+25 7.753335E+17 1.273276E+32
2.240220E+08 5.356849E+25 7.929056E+17 1.348699E+32
2.373004E+08 5.768760E+25 8.107626E+17 1.428618E+32
2.513694E+08 6.212810E+25 8.289354E+17 1.513293E+32
2.662659E+08 6.690719E+25 8.473994E+17 1.602948E+32
2.820456E+08 7.205261E+25 8.661665E+17 1.697915E+32
2.987640E+08 7.759213E+25 8.852404E+17 1.798531E+32
3.164706E+08 8.355905E+25 9.046362E+17 1.905091E+32
3.352271E+08 8.998667E+25 9.243605E+17 2.017967E+32
3.551015E+08 9.690829E+25 9.444120E+17 2.137568E+32
3.761493E+08 1.043628E+26 9.647985E+17 2.264227E+32
3.984446E+08 1.123945E+26 9.855346E+17 2.398391E+32
4.220617E+08 1.210368E+26 1.006598E+18 2.540504E+32
4.470745E+08 1.303508E+26 1.028029E+18 2.691013E+32
4.735757E+08 1.403752E+26 1.049803E+18 2.850475E+32
5.016456E+08 1.511712E+26 1.071941E+18 3.019371E+32
5.313830E+08 1.627997E+26 1.094452E+18 3.198297E+32
5.628806E+08 1.753219E+26 1.117336E+18 3.387808E+32
5.962434E+08 1.888099E+26 1.140606E+18 3.588536E+32
6.315578E+08 2.033303E+26 1.164256E+18 3.801001E+32
6.690461E+08 2.189720E+26 1.188305E+18 4.026538E+32
7.086960E+08 2.358181E+26 1.212756E+18 4.265075E+32
7.506928E+08 2.539520E+26 1.237604E+18 4.517723E+32
7.951600E+08 2.734902E+26 1.262878E+18 4.785225E+32
8.423446E+08 2.945270E+26 1.288567E+18 5.069066E+32
8.922467E+08 3.171791E+26 1.314681E+18 5.369246E+32
9.451750E+08 3.415797E+26 1.341236E+18 5.687621E+32
1.001191E+09 3.678508E+26 1.368226E+18 6.024560E+32
1.060543E+09 3.961478E+26 1.395670E+18 6.381549E+32
1.123414E+09 4.266152E+26 1.423566E+18 6.759701E+32
1.189992E+09 4.594304E+26 1.451930E+18 7.160127E+32
1.260522E+09 4.947713E+26 1.480767E+18 7.584314E+32
1.335251E+09 5.328263E+26 1.510081E+18 8.033744E+32
1.414428E+09 5.738232E+26 1.539894E+18 8.509901E+32
1.498236E+09 6.179506E+26 1.570187E+18 9.013897E+32
1.587047E+09 6.654639E+26 1.600980E+18 9.547959E+32
1.681169E+09 7.166962E+26 1.632324E+18 1.011394E+33
1.780850E+09 7.718138E+26 1.664157E+18 1.071333E+33
1.886397E+09 8.311500E+26 1.696508E+18 1.134797E+33
1.998245E+09 8.950931E+26 1.729420E+18 1.202047E+33
2.116700E+09 9.639208E+26 1.762863E+18 1.273267E+33
2.242197E+09 1.038077E+27 1.796879E+18 1.348718E+33
2.375104E+09 1.117951E+27 1.831466E+18 1.428621E+33
2.515917E+09 1.203930E+27 1.866613E+18 1.513273E+33
2.665068E+09 1.296570E+27 1.902363E+18 1.602935E+33
2.823111E+09 1.396259E+27 1.938680E+18 1.697939E+33
2.990481E+09 1.503663E+27 1.975617E+18 1.798545E+33
3.167732E+09 1.619338E+27 2.013172E+18 1.905086E+33
3.355544E+09 1.743894E+27 2.051346E+18 2.017970E+33
3.554535E+09 1.878053E+27 2.090162E+18 2.137568E+33
3.765260E+09 2.022480E+27 2.129609E+18 2.264213E+33
3.988523E+09 2.178064E+27 2.169725E+18 2.398387E+33
4.225002E+09 2.345581E+27 2.210500E+18 2.540498E+33
4.475500E+09 2.526032E+27 2.251964E+18 2.691026E+33
4.740883E+09 2.720304E+27 2.294104E+18 2.850492E+33
5.021953E+09 2.929562E+27 2.336954E+18 3.019375E+33
5.319759E+09 3.154917E+27 2.380517E+18 3.198306E+33
5.635168E+09 3.397591E+27 2.424801E+18 3.387804E+33
5.969289E+09 3.658914E+27 2.469819E+18 3.588535E+33
6.322989E+09 3.940386E+27 2.515594E+18 3.801017E+33
6.698490E+09 4.243450E+27 2.562121E+18 4.026584E+33
7.095606E+09 4.569882E+27 2.609427E+18 4.265123E+33
7.516192E+09 4.921347E+27 2.657509E+18 4.517747E+33
7.962099E+09 5.299899E+27 2.706398E+18 4.785565E+33
8.433946E+09 5.707704E+27 2.756116E+18 5.068947E+33
8.934202E+09 6.146758E+27 2.806648E+18 5.369375E+33
9.464102E+09 6.619671E+27 2.858028E+18 5.687588E+33
1.002488E+10 7.128663E+27 2.910232E+18 6.024325E+33
1.061963E+10 7.677064E+27 2.963329E+18 6.381439E+33
1.124958E+10 8.267650E+27 3.017308E+18 6.759667E+33
1.191659E+10 8.903196E+27 3.072143E+18 7.160120E+33
1.262313E+10 9.588143E+27 3.127932E+18 7.584278E+33
1.337166E+10 1.032582E+28 3.184652E+18 8.033619E+33
1.416466E+10 1.112011E+28 3.242306E+18 8.509624E+33
1.500521E+10 1.197546E+28 3.300913E+18 9.014142E+33
1.589517E+10 1.289631E+28 3.360474E+18 9.548280E+33
1.683763E+10 1.388821E+28 3.421038E+18 1.011389E+34
1.783629E+10 1.495670E+28 3.482626E+18 1.071318E+34
1.889424E+10 1.610735E+28 3.545234E+18 1.134801E+34
2.001456E+10 1.734625E+28 3.608869E+18 1.202023E+34
2.120221E+10 1.868061E+28 3.673569E+18 1.273278E+34
2.245964E+10 2.011712E+28 3.739320E+18 1.348716E+34
2.379180E+10 2.166463E+28 3.806185E+18 1.428630E+34
2.520302E+10 2.333093E+28 3.874150E+18 1.513281E+34
2.669823E+10 2.512544E+28 3.943244E+18 1.602963E+34
2.828176E+10 2.705817E+28 4.013492E+18 1.697935E+34
2.995916E+10 2.913965E+28 4.084910E+18 1.798529E+34
3.173661E+10 3.138099E+28 4.157504E+18 1.905114E+34
3.361906E+10 3.379496E+28 4.231310E+18 2.017986E+34
3.561329E+10 3.639431E+28 4.306333E+18 2.137551E+34
3.772610E+10 3.919404E+28 4.382612E+18 2.264215E+34
3.996428E+10 4.220859E+28 4.460143E+18 2.398384E+34
4.233524E+10 4.545515E+28 4.538963E+18 2.540500E+34
4.484702E+10 4.895148E+28 4.619092E+18 2.691043E+34
4.750764E+10 5.271702E+28 4.700555E+18 2.850492E+34
5.032637E+10 5.677175E+28 4.783360E+18 3.019401E+34
5.331185E+10 6.114009E+28 4.867572E+18 3.198286E+34
5.647520E+10 6.584147E+28 4.953126E+18 3.387811E+34
5.982568E+10 7.090363E+28 5.040085E+18 3.588528E+34
6.337811E+10 7.635989E+28 5.128559E+18 3.801323E+34
6.713930E+10 8.223245E+28 5.218447E+18 4.026600E+34
7.112282E+10 8.856016E+28 5.309873E+18 4.265169E+34
7.534102E+10 9.537077E+28 5.402765E+18 4.517768E+34
7.981245E+10 1.027087E+29 5.497240E+18 4.785502E+34
8.454944E+10 1.106072E+29 5.593235E+18 5.069108E+34
8.956435E+10 1.191163E+29 5.690855E+18 5.369320E+34
9.488189E+10 1.282749E+29 5.790037E+18 5.687614E+34
1.005082E+11 1.381439E+29 5.890925E+18 6.024355E+34
1.064742E+11 1.487677E+29 5.993444E+18 6.381385E+34
1.127923E+11 1.602131E+29 6.097701E+18 6.759438E+34
1.194871E+11 1.725355E+29 6.203655E+18 7.159988E+34
1.265833E+11 1.858070E+29 6.311372E+18 7.584505E+34
1.340933E+11 2.000999E+29 6.420875E+18 8.033722E+34
1.420542E+11 2.154918E+29 6.532189E+18 8.509848E+34
1.504844E+11 2.320659E+29 6.645334E+18 9.013984E+34
1.594149E+11 2.499167E+29 6.760365E+18 9.547968E+34
1.688827E+11 2.691441E+29 6.877318E+18 1.011401E+35
1.789064E+11 2.898423E+29 6.996160E+18 1.071320E+35
1.895291E+11 3.121392E+29 7.117002E+18 1.134812E+35
2.007756E+11 3.361456E+29 7.239816E+18 1.202023E+35
2.127014E+11 3.620059E+29 7.364696E+18 1.273284E+35
2.253252E+11 3.898479E+29 7.491606E+18 1.348704E+35
2.387024E+11 4.198379E+29 7.620644E+18 1.428615E+35
2.528763E+11 4.521314E+29 7.751801E+18 1.513273E+35
2.678902E+11 4.869060E+29 7.885115E+18 1.602935E+35
2.837996E+11 5.243616E+29 8.020654E+18 1.697930E+35
3.006539E+11 5.647202E+29 8.158505E+18 1.798552E+35
3.185025E+11 6.081260E+29 8.298451E+18 1.905094E+35
3.374196E+11 6.549178E+29 8.440852E+18 2.017996E+35
3.574545E+11 7.052619E+29 8.585471E+18 2.137550E+35
3.786876E+11 7.595470E+29 8.732663E+18 2.264234E+35
4.011744E+11 7.906305E+29 8.812233E+18 2.398381E+35
4.250014E+11 8.194937E+29 8.881983E+18 2.540511E+35
4.502366E+11 8.493560E+29 8.950105E+18 2.691029E+35
4.769725E+11 8.803285E+29 9.016803E+18 2.850487E+35
5.052956E+11 9.124666E+29 9.082134E+18 3.019399E+35
5.352924E+11 9.457148E+29 9.145937E+18 3.198279E+35
5.670741E+11 9.801842E+29 9.208379E+18 3.387790E+35
6.007457E+11 1.015930E+30 9.269507E+18 3.588556E+35
6.364368E+11 1.053008E+30 9.329361E+18 3.801349E+35
6.741722E+11 1.091419E+30 9.387893E+18 4.026316E+35
7.141926E+11 1.131217E+30 9.445146E+18 4.264890E+35
7.566218E+11 1.172458E+30 9.501151E+18 4.517807E+35
8.015213E+11 1.215197E+30 9.555941E+18 4.785434E+35
8.490765E+11 1.259547E+30 9.609612E+18 5.068872E+35
8.994726E+11 1.305451E+30 9.662053E+18 5.369226E+35
9.528950E+11 1.353075E+30 9.713413E+18 5.687597E+35
1.009405E+12 1.402420E+30 9.763648E+18 6.024352E+35
1.069313E+12 1.453541E+30 9.812779E+18 6.381330E+35
1.132802E+12 1.506550E+30 9.860871E+18 6.759632E+35
1.199997E+12 1.561501E+30 9.907933E+18 7.159993E+35
1.271206E+12 1.618450E+30 9.953977E+18 7.584250E+35
1.346677E+12 1.677453E+30 9.999010E+18 8.033874E+35
1.426532E+12 1.738621E+30 1.004308E+19 8.509598E+35
1.511205E+12 1.802065E+30 1.008623E+19 9.013996E+35
1.600881E+12 1.867784E+30 1.012843E+19 9.548168E+35
1.695868E+12 1.935890E+30 1.016971E+19 1.011395E+36
1.796475E+12 2.006494E+30 1.021011E+19 1.071319E+36
1.903073E+12 2.079651E+30 1.024963E+19 1.134807E+36
2.015970E+12 2.155473E+30 1.028829E+19 1.202045E+36
2.135537E+12 2.234069E+30 1.032613E+19 1.273252E+36
2.262269E+12 2.315553E+30 1.036316E+19 1.348723E+36
2.396473E+12 2.399977E+30 1.039938E+19 1.428640E+36
2.538583E+12 2.487511E+30 1.043483E+19 1.513262E+36
2.689216E+12 2.601909E+30 1.047856E+19 1.602955E+36
2.848742E+12 2.813277E+30 1.055483E+19 1.697937E+36
3.017717E+12 3.041851E+30 1.063268E+19 1.798537E+36
3.196759E+12 3.288965E+30 1.071214E+19 1.905120E+36
3.386363E+12 3.556172E+30 1.079324E+19 2.017980E+36
3.587268E+12 3.845082E+30 1.087602E+19 2.137557E+36
3.800093E+12 4.157471E+30 1.096051E+19 2.264217E+36
4.025579E+12 4.495226E+30 1.104674E+19 2.398399E+36
4.264404E+12 4.860401E+30 1.113475E+19 2.540505E+36
4.517373E+12 5.255272E+30 1.122458E+19 2.691012E+36
4.785412E+12 5.682171E+30 1.131626E+19 2.850469E+36
5.069384E+12 6.143982E+30 1.140988E+19 3.019387E+36
5.370156E+12 6.642983E+30 1.150537E+19 3.198280E+36
5.688837E+12 7.182504E+30 1.160283E+19 3.387804E+36
6.026417E+12 7.766429E+30 1.170239E+19 3.588546E+36
6.384131E+12 8.396979E+30 1.180388E+19 3.801237E+36
6.762720E+12 9.079151E+30 1.190753E+19 4.026313E+36
7.164160E+12 9.816828E+30 1.201333E+19 4.264947E+36
7.589686E+12 1.061445E+31 1.212131E+19 4.517870E+36
8.039917E+12 1.147702E+31 1.223153E+19 4.785443E+36
8.517322E+12 1.240952E+31 1.234402E+19 5.069131E+36
9.022518E+12 1.341752E+31 1.245879E+19 5.369295E+36
9.557978E+12 1.450766E+31 1.257596E+19 5.687400E+36
1.012555E+13 1.568605E+31 1.269552E+19 6.024538E+36
1.072648E+13 1.696048E+31 1.281757E+19 6.381439E+36
1.136322E+13 1.833870E+31 1.294216E+19 6.759563E+36
1.203764E+13 1.982848E+31 1.306928E+19 7.160002E+36
1.275220E+13 2.143927E+31 1.319902E+19 7.584217E+36
1.350938E+13 2.318106E+31 1.333145E+19 8.033665E+36
1.431164E+13 2.506438E+31 1.346661E+19 8.509803E+36
1.516146E+13 2.710035E+31 1.360452E+19 9.014089E+36
1.606131E+13 2.930228E+31 1.374532E+19 9.547977E+36
1.701550E+13 3.168294E+31 1.388900E+19 1.011402E+37
1.802589E+13 3.425677E+31 1.403563E+19 1.071331E+37
1.909619E+13 3.703985E+31 1.418528E+19 1.134802E+37
2.023011E+13 4.004940E+31 1.433804E+19 1.202035E+37
2.143196E+13 4.330317E+31 1.449392E+19 1.273284E+37
2.270421E+13 4.682115E+31 1.465301E+19 1.348693E+37
2.405305E+13 5.062444E+31 1.481535E+19 1.428627E+37
2.548156E+13 5.473745E+31 1.498106E+19 1.513267E+37
2.699530E+13 5.918627E+31 1.515024E+19 1.602940E+37
2.859920E+13 6.399311E+31 1.532278E+19 1.697936E+37
3.029822E+13 6.919404E+31 1.549898E+19 1.798547E+37
3.209791E+13 7.481127E+31 1.567861E+19 1.905097E+37
3.400506E+13 8.088920E+31 1.586206E+19 2.017987E+37
3.602523E+13 8.746113E+31 1.604929E+19 2.137543E+37
3.816644E+13 9.457148E+31 1.624048E+19 2.264235E+37
4.043427E+13 1.022535E+32 1.643545E+19 2.398390E+37
4.283674E+13 1.105573E+32 1.663437E+19 2.540478E+37
4.538310E+13 1.195382E+32 1.683743E+19 2.691044E+37
4.808016E+13 1.292518E+32 1.704472E+19 2.850483E+37
5.093780E+13 1.397535E+32 1.725624E+19 3.019376E+37
5.396589E+13 1.511046E+32 1.747203E+19 3.198300E+37
5.717370E+13 1.633825E+32 1.769233E+19 3.387798E+37
6.057297E+13 1.766541E+32 1.791708E+19 3.588557E+37
6.417482E+13 1.910080E+32 1.814651E+19 3.801225E+37
6.799158E+13 2.065275E+32 1.838062E+19 4.026525E+37
7.203069E+13 2.233070E+32 1.861953E+19 4.264887E+37
7.631683E+13 2.414465E+32 1.886328E+19 4.517760E+37
8.085619E+13 2.610624E+32 1.911206E+19 4.785498E+37
8.566112E+13 2.822713E+32 1.936593E+19 5.068821E+37
9.075632E+13 3.052064E+32 1.962503E+19 5.369174E+37
9.616032E+13 3.300011E+32 1.988939E+19 5.687638E+37
1.018793E+14 3.568106E+32 2.015916E+19 6.024563E+37
1.079380E+14 3.858015E+32 2.043448E+19 6.381391E+37
1.143610E+14 4.171403E+32 2.071536E+19 6.759564E+37
1.211669E+14 4.510324E+32 2.100205E+19 7.160154E+37
1.283743E+14 4.876720E+32 2.129454E+19 7.584237E+37
1.360140E+14 5.272923E+32 2.159304E+19 8.033609E+37
1.441108E+14 5.701598E+32 2.189784E+19 8.509704E+37
1.526892E+14 6.164520E+32 2.220847E+19 9.013952E+37
1.617803E+14 6.665186E+32 2.252552E+19 9.548145E+37
1.714149E+14 7.729240E+32 2.316149E+19 1.011397E+38
1.816238E+14 9.274533E+32 2.403308E+19 1.071302E+38
1.924565E+14 1.112900E+33 2.501952E+19 1.134801E+38
2.039377E+14 1.335368E+33 2.613538E+19 1.202023E+38
2.161168E+14 1.602298E+33 2.739770E+19 1.273236E+38
2.290431E+14 1.922624E+33 2.882563E+19 1.348706E+38
2.427539E+14 2.307005E+33 3.044049E+19 1.428620E+38
2.573045E+14 2.768206E+33 3.226620E+19 1.513266E+38
2.727507E+14 3.321603E+33 3.432984E+19 1.602928E+38
2.891480E+14 3.985623E+33 3.666179E+19 1.697878E+38
3.065705E+14 4.782415E+33 3.929619E+19 1.798485E+38
3.250799E+14 5.738232E+33 4.227027E+19 1.905036E+38
3.447567E+14 6.885545E+33 4.562863E+19 2.017907E+38
3.656871E+14 8.262099E+33 4.941745E+19 2.137492E+38
3.879516E+14 9.913964E+33 5.369043E+19 2.264129E+38
4.116551E+14 1.189609E+34 5.850644E+19 2.398270E+38
4.369026E+14 1.427398E+34 6.392981E+19 2.540336E+38
4.638238E+14 1.712755E+34 7.003468E+19 2.690850E+38
4.925484E+14 2.055173E+34 7.690062E+19 2.850290E+38
5.232184E+14 2.466030E+34 8.461501E+19 3.019152E+38
5.560191E+14 3.029196E+34 9.450342E+19 3.197969E+38
5.911852E+14 3.720914E+34 1.058346E+20 3.387427E+38
6.289638E+14 4.570603E+34 1.187977E+20 3.588223E+38
6.695402E+14 5.614453E+34 1.336010E+20 3.800579E+38
7.133280E+14 6.896647E+34 1.504667E+20 4.025735E+38
7.606362E+14 8.471358E+34 1.696322E+20 4.264162E+38
8.118970E+14 1.040575E+35 1.913572E+20 4.516694E+38
8.676045E+14 1.278197E+35 2.159094E+20 4.784155E+38
9.283763E+14 1.570104E+35 2.435662E+20 5.067576E+38
9.948301E+14 1.928619E+35 2.746011E+20 5.367540E+38
1.067892E+15 2.369061E+35 3.093000E+20 5.685493E+38
1.148489E+15 2.910024E+35 3.479224E+20 6.022221E+38
1.237670E+15 3.514986E+35 3.869684E+20 6.379095E+38
1.336486E+15 4.245670E+35 4.295117E+20 6.756980E+38
1.446481E+15 5.128274E+35 4.756859E+20 7.157364E+38
1.569383E+15 6.194493E+35 5.256005E+20 7.581451E+38
1.707232E+15 7.433392E+35 5.773405E+20 8.030968E+38
1.862682E+15 8.830483E+35 6.293248E+20 8.509461E+38
2.038574E+15 1.041130E+36 6.816954E+20 9.020336E+38
2.238491E+15 1.220804E+36 7.346356E+20 9.567937E+38
2.466756E+15 1.425955E+36 7.883188E+20 1.015716E+39
2.728372E+15 1.661079E+36 8.428631E+20 1.079299E+39
3.029513E+15 1.931727E+36 8.984079E+20 1.148139E+39
3.377469E+15 2.244449E+36 9.550537E+20 1.222864E+39
3.781071E+15 2.607182E+36 1.012897E+21 1.304188E+39
4.250941E+15 3.029473E+36 1.072018E+21 1.392897E+39
4.799678E+15 3.522646E+36 1.132460E+21 1.489826E+39
5.442724E+15 4.100577E+36 1.194278E+21 1.595939E+39
6.198234E+15 4.779584E+36 1.257474E+21 1.712230E+39
7.088813E+15 5.579984E+36 1.322089E+21 1.839898E+39
8.140586E+15 6.525254E+36 1.388076E+21 1.980102E+39
9.386285E+15 7.644815E+36 1.455450E+21 2.134275E+39
1.086482E+16 8.973633E+36 1.524176E+21 2.303915E+39
1.262251E+16 1.055334E+37 1.594188E+21 2.490597E+39
1.471556E+16 1.243445E+37 1.665430E+21 2.696089E+39
1.721251E+16 1.467856E+37 1.737861E+21 2.922396E+39
2.019490E+16 1.735896E+37 1.811401E+21 3.171608E+39
2.376216E+16 2.056500E+37 1.885995E+21 3.446104E+39
2.803348E+16 2.440380E+37 1.961565E+21 3.748425E+39
3.315339E+16 2.900527E+37 2.038047E+21 4.081405E+39
3.929542E+16 3.452536E+37 2.115365E+21 4.448094E+39
4.667018E+16 4.115336E+37 2.193457E+21 4.851902E+39
5.553089E+16 4.911683E+37 2.272253E+21 5.296512E+39
6.618202E+16 5.868944E+37 2.351680E+21 5.785919E+39
7.899722E+16 7.020697E+37 2.431706E+21 6.324768E+39
9.441869E+16 8.406687E+37 2.512251E+21 6.917781E+39
1.129899E+17 1.007576E+38 2.593284E+21 7.570511E+39
1.353594E+17 1.208619E+38 2.674746E+21 8.288772E+39
1.623053E+17 1.450793E+38 2.756569E+21 9.078836E+39
1.947910E+17 1.742756E+38 2.838759E+21 9.948259E+39
2.339531E+17 2.094721E+38 2.921251E+21 1.090459E+40
2.811686E+17 2.519066E+38 3.004002E+21 1.195632E+40
4.916513E+17 4.410759E+38 3.255411E+21 1.581583E+40
8.597013E+17 7.718573E+38 3.506694E+21 2.091812E+40
1.503273E+18 1.350262E+39 3.757904E+21 2.766411E+40
2.628624E+18 2.361659E+39 4.009074E+21 3.658389E+40
4.596410E+18 4.130189E+39 4.260221E+21 4.837835E+40
