111
1.258978E-04 2.819271E+12 1.000000E+00 7.584391E+19
1.258978E+06 2.819271E+22 5.156129E+17 7.580041E+29
1.584947E+06 4.060335E+22 5.243696E+17 9.542576E+29
1.995404E+06 5.847579E+22 5.343863E+17 1.201375E+30
2.512026E+06 8.421957E+22 5.458469E+17 1.512406E+30
3.162483E+06 1.212922E+23 5.589563E+17 1.904007E+30
3.981420E+06 1.746891E+23 5.739546E+17 2.397032E+30
5.012380E+06 2.515874E+23 5.911111E+17 3.017689E+30
6.310019E+06 3.623390E+23 6.107385E+17 3.798877E+30
7.944189E+06 5.218416E+23 6.331915E+17 4.782635E+30
1.000141E+07 7.515541E+23 6.588760E+17 6.021036E+30
1.259101E+07 1.082427E+24 6.882617E+17 7.579865E+30
1.585194E+07 1.558892E+24 7.218734E+17 9.542738E+30
1.995713E+07 2.245115E+24 7.603238E+17 1.201370E+31
2.512520E+07 3.205872E+24 8.030818E+17 1.512429E+31
3.163162E+07 4.312000E+24 8.421906E+17 1.904023E+31
3.982347E+07 5.799844E+24 8.839744E+17 2.397034E+31
5.013615E+07 7.800843E+24 9.286096E+17 3.017653E+31
6.311872E+07 1.049234E+25 9.762977E+17 3.798907E+31
7.946659E+07 1.411245E+25 1.027244E+18 4.782620E+31
1.000512E+08 1.898201E+25 1.081675E+18 6.021202E+31
1.259595E+08 2.553119E+25 1.139821E+18 7.580015E+31
1.585812E+08 3.434058E+25 1.201943E+18 9.542613E+31
1.996577E+08 4.618949E+25 1.268310E+18 1.201370E+32
2.513694E+08 6.212810E+25 1.339216E+18 1.512434E+32
3.164706E+08 8.355905E+25 1.414942E+18 1.904009E+32
3.984446E+08 1.123945E+26 1.495869E+18 2.397029E+32
5.016456E+08 1.511712E+26 1.582305E+18 3.017657E+32
6.315578E+08 2.033303E+26 1.674652E+18 3.798843E+32
7.951600E+08 2.734902E+26 1.773312E+18 4.782508E+32
1.001191E+09 3.678508E+26 1.878697E+18 6.021139E+32
1.260522E+09 4.947713E+26 1.991278E+18 7.580007E+32
1.587047E+09 6.654639E+26 2.111531E+18 9.542537E+32
1.998245E+09 8.950931E+26 2.240014E+18 1.201364E+33
2.515917E+09 1.203930E+27 2.377254E+18 1.512414E+33
3.167732E+09 1.619338E+27 2.523863E+18 1.904003E+33
3.988523E+09 2.178064E+27 2.680470E+18 2.397025E+33
5.021953E+09 2.929562E+27 2.847756E+18 3.017659E+33
6.322989E+09 3.940386E+27 3.026460E+18 3.798857E+33
7.962099E+09 5.299899E+27 3.217333E+18 4.782845E+33
1.002488E+10 7.128663E+27 3.421234E+18 6.020901E+33
1.262313E+10 9.588143E+27 3.639011E+18 7.579966E+33
1.589517E+10 1.289631E+28 3.871627E+18 9.542851E+33
2.001456E+10 1.734625E+28 4.120106E+18 1.201339E+34
2.520302E+10 2.333093E+28 4.385478E+18 1.512420E+34
3.173661E+10 3.138099E+28 4.668928E+18 1.904030E+34
3.996428E+10 4.220859E+28 4.971667E+18 2.397019E+34
5.032637E+10 5.677175E+28 5.294993E+18 3.017683E+34
6.337811E+10 7.635989E+28 5.640302E+18 3.799159E+34
7.981245E+10 1.027087E+29 6.009110E+18 4.782778E+34
1.005082E+11 1.381439E+29 6.402934E+18 6.020924E+34
1.265833E+11 1.858070E+29 6.823518E+18 7.580184E+34
1.594149E+11 2.499167E+29 7.272660E+18 9.542527E+34
2.007756E+11 3.361456E+29 7.752278E+18 1.201337E+35
2.528763E+11 4.521314E+29 8.264436E+18 1.512410E+35
3.185025E+11 6.081260E+29 8.811265E+18 1.904007E+35
4.011744E+11 7.906305E+29 9.319333E+18 2.397028E+35
5.052956E+11 9.124666E+29 9.589397E+18 3.017695E+35
6.364368E+11 1.053008E+30 9.836776E+18 3.799204E+35
8.015213E+11 1.215197E+30 1.006348E+19 4.782732E+35
1.009405E+12 1.402420E+30 1.027131E+19 6.020950E+35
1.271206E+12 1.618450E+30 1.046176E+19 7.579966E+35
1.600881E+12 1.867784E+30 1.063632E+19 9.542774E+35
2.015970E+12 2.155473E+30 1.079627E+19 1.201366E+36
2.538583E+12 2.487511E+30 1.094290E+19 1.512407E+36
3.196759E+12 3.288965E+30 1.122309E+19 1.904037E+36
4.025579E+12 4.495226E+30 1.155787E+19 2.397035E+36
5.069384E+12 6.143982E+30 1.192119E+19 3.017670E+36
6.384131E+12 8.396979E+30 1.231540E+19 3.799074E+36
8.039917E+12 1.147702E+31 1.274327E+19 4.782719E+36
1.012555E+13 1.568605E+31 1.320749E+19 6.021107E+36
1.275220E+13 2.143927E+31 1.371125E+19 7.579895E+36
1.606131E+13 2.930228E+31 1.425784E+19 9.542534E+36
2.023011E+13 4.004940E+31 1.485087E+19 1.201349E+37
2.548156E+13 5.473745E+31 1.549423E+19 1.512403E+37
3.209791E+13 7.481127E+31 1.619213E+19 1.904009E+37
4.043427E+13 1.022535E+32 1.694936E+19 2.397019E+37
5.093780E+13 1.397535E+32 1.777057E+19 3.017648E+37
6.417482E+13 1.910080E+32 1.866129E+19 3.799048E+37
8.085619E+13 2.610624E+32 1.962733E+19 4.782755E+37
1.018793E+14 4.292406E+32 2.146985E+19 6.020523E+37
1.284361E+14 8.386988E+32 2.504561E+19 7.579149E+37
1.620335E+14 1.638710E+33 3.056615E+19 9.540832E+37
2.046479E+14 3.201820E+33 3.906560E+19 1.200928E+38
2.589350E+14 6.256105E+33 5.209603E+19 1.511574E+38
3.285138E+14 1.222358E+34 7.194176E+19 1.902389E+38
4.185228E+14 2.388377E+34 1.018796E+20 2.393956E+38
5.365647E+14 4.666574E+34 1.464078E+20 3.012185E+38
6.929472E+14 7.826931E+34 1.928573E+20 3.791511E+38
9.015725E+14 1.312777E+35 2.512055E+20 4.772165E+38
1.184063E+15 2.201931E+35 3.234544E+20 6.006788E+38
1.571916E+15 3.607460E+35 4.066117E+20 7.561382E+38
2.112007E+15 5.910301E+35 5.044147E+20 9.518469E+38
2.876966E+15 9.682503E+35 6.175179E+20 1.198290E+39
3.979197E+15 1.586367E+36 7.461355E+20 1.508610E+39
5.594900E+15 2.598967E+36 8.898925E+20 1.899377E+39
8.002861E+15 4.257937E+36 1.047977E+21 2.391499E+39
1.164608E+16 6.976020E+36 1.219200E+21 3.011102E+39
1.723536E+16 1.142873E+37 1.402101E+21 3.791254E+39
2.591573E+16 1.872391E+37 1.595148E+21 4.773641E+39
3.953505E+16 3.067606E+37 1.796800E+21 6.010447E+39
5.691697E+16 4.629790E+37 1.970376E+21 7.293056E+39
8.194100E+16 6.878801E+37 2.140831E+21 8.817785E+39
1.179671E+17 1.011661E+38 2.309183E+21 1.063568E+40
1.698323E+17 1.477795E+38 2.476104E+21 1.280742E+40
2.445005E+17 2.148868E+38 2.642044E+21 1.540540E+40
3.519972E+17 3.114985E+38 2.807310E+21 1.851616E+40
6.293598E+17 5.607754E+38 3.069916E+21 2.480222E+40
1.125275E+18 1.006475E+39 3.331865E+21 3.319665E+40
2.011956E+18 1.803371E+39 3.593447E+21 4.441307E+40
3.597313E+18 3.228195E+39 3.854826E+21 5.940498E+40
