106
1.258978E-04 2.819271E+12 1.000000E+00 7.584391E+19
1.258978E+06 2.819271E+22 5.156129E+17 7.580041E+29
1.584947E+06 4.060335E+22 5.243696E+17 9.542576E+29
1.995404E+06 5.847579E+22 5.343863E+17 1.201375E+30
2.512026E+06 8.421957E+22 5.458469E+17 1.512406E+30
3.162483E+06 1.212922E+23 5.589563E+17 1.904007E+30
3.981420E+06 1.746891E+23 5.739546E+17 2.397032E+30
5.012380E+06 2.515874E+23 5.911111E+17 3.017689E+30
6.310019E+06 3.623390E+23 6.107385E+17 3.798877E+30
7.944189E+06 5.218416E+23 6.331915E+17 4.782635E+30
1.000141E+07 7.515541E+23 6.588760E+17 6.021036E+30
1.259101E+07 1.082427E+24 6.882617E+17 7.579865E+30
1.585194E+07 1.558892E+24 7.218734E+17 9.542738E+30
1.995713E+07 2.245115E+24 7.603238E+17 1.201370E+31
2.512520E+07 3.205872E+24 8.030818E+17 1.512429E+31
3.163162E+07 4.312000E+24 8.421906E+17 1.904023E+31
3.982347E+07 5.799844E+24 8.839744E+17 2.397034E+31
5.013615E+07 7.800843E+24 9.286096E+17 3.017653E+31
6.311872E+07 1.049234E+25 9.762977E+17 3.798907E+31
7.946659E+07 1.411245E+25 1.027244E+18 4.782620E+31
1.000512E+08 1.898201E+25 1.081675E+18 6.021202E+31
1.259595E+08 2.553119E+25 1.139821E+18 7.580015E+31
1.585812E+08 3.434058E+25 1.201943E+18 9.542613E+31
1.996577E+08 4.618949E+25 1.268310E+18 1.201370E+32
2.513694E+08 6.212810E+25 1.339216E+18 1.512434E+32
3.164706E+08 8.355905E+25 1.414942E+18 1.904009E+32
3.984446E+08 1.123945E+26 1.495869E+18 2.397029E+32
5.016456E+08 1.511712E+26 1.582305E+18 3.017657E+32
6.315578E+08 2.033303E+26 1.674652E+18 3.798843E+32
7.951600E+08 2.734902E+26 1.773312E+18 4.782508E+32
1.001191E+09 3.678508E+26 1.878697E+18 6.021139E+32
1.260522E+09 4.947713E+26 1.991278E+18 7.580007E+32
1.587047E+09 6.654639E+26 2.111531E+18 9.542537E+32
1.998245E+09 8.950931E+26 2.240014E+18 1.201364E+33
2.515917E+09 1.203930E+27 2.377254E+18 1.512414E+33
3.167732E+09 1.619338E+27 2.523863E+18 1.904003E+33
3.988523E+09 2.178064E+27 2.680470E+18 2.397025E+33
5.021953E+09 2.929562E+27 2.847756E+18 3.017659E+33
6.322989E+09 3.940386E+27 3.026460E+18 3.798857E+33
7.962099E+09 5.299899E+27 3.217333E+18 4.782845E+33
1.002488E+10 7.128663E+27 3.421234E+18 6.020901E+33
1.262313E+10 9.588143E+27 3.639011E+18 7.579966E+33
1.589517E+10 1.289631E+28 3.871627E+18 9.542851E+33
2.001456E+10 1.734625E+28 4.120106E+18 1.201339E+34
2.520302E+10 2.333093E+28 4.385478E+18 1.512420E+34
3.173661E+10 3.138099E+28 4.668928E+18 1.904030E+34
3.996428E+10 4.220859E+28 4.971667E+18 2.397019E+34
5.032637E+10 5.677175E+28 5.294993E+18 3.017683E+34
6.337811E+10 7.635989E+28 5.640302E+18 3.799159E+34
7.981245E+10 1.027087E+29 6.009110E+18 4.782778E+34
1.005082E+11 1.381439E+29 6.402934E+18 6.020924E+34
1.265833E+11 1.858070E+29 6.823518E+18 7.580184E+34
1.594149E+11 2.499167E+29 7.272660E+18 9.542527E+34
2.007756E+11 3.361456E+29 7.752278E+18 1.201337E+35
2.528763E+11 4.521314E+29 8.264436E+18 1.512410E+35
3.185025E+11 6.081260E+29 8.811265E+18 1.904007E+35
4.011744E+11 7.906305E+29 9.319333E+18 2.397028E+35
5.052956E+11 9.124666E+29 9.589397E+18 3.017695E+35
6.364368E+11 1.053008E+30 9.836776E+18 3.799204E+35
8.015213E+11 1.215197E+30 1.006348E+19 4.782732E+35
1.009405E+12 1.402420E+30 1.027131E+19 6.020950E+35
1.271206E+12 1.618450E+30 1.046176E+19 7.579966E+35
1.600881E+12 1.867784E+30 1.063632E+19 9.542774E+35
2.015970E+12 2.155473E+30 1.079627E+19 1.201366E+36
2.538583E+12 2.487511E+30 1.094290E+19 1.512407E+36
3.196759E+12 3.288965E+30 1.122309E+19 1.904037E+36
4.025579E+12 4.495226E+30 1.155787E+19 2.397035E+36
5.069384E+12 6.143982E+30 1.192119E+19 3.017670E+36
6.384131E+12 8.396979E+30 1.231540E+19 3.799074E+36
8.039917E+12 1.147702E+31 1.274327E+19 4.782719E+36
1.012555E+13 1.568605E+31 1.320749E+19 6.021107E+36
1.275220E+13 2.143927E+31 1.371125E+19 7.579895E+36
1.606131E+13 2.930228E+31 1.425784E+19 9.542534E+36
2.023011E+13 4.004940E+31 1.485087E+19 1.201349E+37
2.548156E+13 5.473745E+31 1.549423E+19 1.512403E+37
3.209791E+13 7.481127E+31 1.619213E+19 1.904009E+37
4.043427E+13 1.022535E+32 1.694936E+19 2.397019E+37
5.093780E+13 1.397535E+32 1.777057E+19 3.017648E+37
6.417482E+13 1.910080E+32 1.866129E+19 3.799048E+37
8.085619E+13 2.610624E+32 1.962733E+19 4.782755E+37
1.018793E+14 3.568106E+32 2.067494E+19 6.021106E+37
1.283743E+14 4.876720E+32 2.181089E+19 7.579881E+37
1.617803E+14 6.665186E+32 2.304246E+19 9.542654E+37
2.039006E+14 1.055340E+33 2.516723E+19 1.201276E+38
2.571069E+14 1.884935E+33 2.876868E+19 1.512280E+38
3.244068E+14 3.366674E+33 3.385309E+19 1.903747E+38
4.097035E+14 6.012988E+33 4.101608E+19 2.396494E+38
5.181046E+14 1.073990E+34 5.108056E+19 3.016679E+38
6.571264E+14 2.570992E+34 7.628783E+19 3.794746E+38
8.388861E+14 6.154529E+34 1.222551E+20 4.770868E+38
1.083950E+15 1.473301E+35 2.033883E+20 5.994902E+38
1.430176E+15 3.422180E+35 3.327689E+20 7.533490E+38
1.952789E+15 7.948489E+35 5.304355E+20 9.472414E+38
2.812118E+15 1.567162E+36 7.422912E+20 1.201620E+39
4.361800E+15 2.959924E+36 9.745983E+20 1.559187E+39
7.399466E+15 5.689997E+36 1.236363E+21 2.089957E+39
1.374778E+16 1.139548E+37 1.530003E+21 2.901387E+39
2.760301E+16 2.384774E+37 1.851868E+21 4.154520E+39
5.866397E+16 5.176348E+37 2.195092E+21 6.089700E+39
1.293996E+17 1.153364E+38 2.552712E+21 9.068217E+39
2.919210E+17 2.614010E+38 2.919289E+21 1.363692E+40
5.123549E+17 4.595139E+38 3.172420E+21 1.807361E+40
8.992418E+17 8.072247E+38 3.425403E+21 2.394957E+40
1.578273E+18 1.417497E+39 3.678301E+21 3.173273E+40
2.770050E+18 2.488596E+39 3.931151E+21 4.204290E+40
4.861756E+18 4.368497E+39 4.183973E+21 5.570112E+40
